# Created by Octave 5.2.0, Sat Aug 21 18:07:21 2021 +0430 <amin@amin-N552VW>
# name: lambda
# type: scalar
0.080000000000000002


