# Created by Octave 5.2.0, Sat Aug 21 14:44:12 2021 +0430 <amin@amin-N552VW>
# name: lambda
# type: scalar
0.012


