# Created by Octave 5.2.0, Sat Aug 07 15:36:49 2021 +0430 <amin@amin-N552VW>
# name: realtimeData
# type: matrix
# rows: 2
# columns: 9
 -1 -1 1 1 -1 -1 1 0 1
 -1 -1 1 1 -1 -1 0 1 1


