# Created by Octave 5.2.0, Sat Aug 07 14:53:52 2021 +0430 <amin@amin-N552VW>
# name: Theta1
# type: matrix
# rows: 72
# columns: 10
 -0.020375836917329117 -0.49082099032406407 -0.478921455331285 0.50713978369368562 -0.50426437299887228 -1.15057750715467 0.55069755684376986 -0.8544704180744751 -0.36633090054855383 0.31612339597366368
 0.056005493148088538 0.12557713527061753 -0.13686355077292961 0.098860160020405485 -0.082703949075678851 0.31683042146363777 -0.09227289626128117 0.08680942043438479 -0.078423151301855593 0.12834922502294976
 0.05419741552980685 0.20305060973933739 0.045094643742669319 0.15247837694960203 -0.030435963414485779 0.38733798067560815 -0.0057204544208387057 0.22828012443544646 -0.0093965147976946169 0.1590007475825706
 0.073907885114378735 -1.0350465516303857 0.00092009463791008499 -0.095713374162787301 0.85851144040124405 -1.9813435961366901 0.61857938832338366 -0.27789741757857728 -0.10642809193907415 -0.93363172991235732
 -0.085123495692562196 1.1566382470046199 -0.61713728940724266 0.53680786991110974 -0.47693438974544322 1.6856543616140467 -0.19828616705398919 0.45012948186367369 -0.45278556276350584 1.3056700209927898
 0.0055962187407951943 -0.11278667110518667 -0.20164364398525816 -0.12149607131134062 0.0063129916363497069 -0.17949655176319884 -0.075873692504510995 -0.21476545666809765 -0.062834343549354493 -0.14157294112986038
 -0.0060877505053205045 0.35532307819085418 0.095639539768589729 0.16254132841490476 -0.14928927932455199 0.27546120264336976 0.13098758472438077 0.385684863256615 0.17683657518285775 0.071993938842235344
 0.012983901262313044 -0.62751506854055783 0.34640250547631957 -0.52636187478603158 0.41183388815569955 -1.2657646511754628 0.27335864899082868 -0.51182066746628607 0.27717021451978691 -0.69638582514863101
 -0.028385088822000717 0.58921436635928204 -0.95565339563214502 0.43707548112182176 0.53782274991116064 3.3516094885770555 0.77010274899267384 0.63141720890652575 -1.5085945321360466 0.75608374201454698
 0.044278621527820049 0.31481973798559548 0.45898475965849117 -0.024189590973060313 -0.060579184765666934 0.74548900751805447 0.18923555642380199 0.77613017730463596 -0.20059599550149024 0.63202760369406397
 -0.083050856850813287 0.73869456099922126 -0.27908891189940838 1.340231914762521 -0.47561085206832926 3.8922119518609359 0.082645579851775466 0.59863187858415567 -0.29682345737448229 1.1061599666087305
 0.0042726289562024207 -0.26838726569578425 0.058469436522850138 -0.24505941977113177 0.046003015436155315 -0.63950020155630705 0.073302746764350196 -0.26461919990414234 0.010094676615898631 -0.23578149194285122
 0.021970248532861194 -0.28597228026362526 -0.2975471146662701 -0.94472626208156985 0.31048880302057219 -2.0217277655474657 -0.46287792375009851 0.10363078672414248 0.088174220249911048 -0.47429348374600439
 0.11906176863220351 -0.82629631585861429 0.22406911192887405 -0.59114250641418864 -0.25464101466416028 -3.8066882390712582 0.42661360891219369 -0.88755727859347511 -0.026683340590166135 -0.38989647908809683
 -0.0086891949262941671 -0.30159791823193771 0.32470706397529753 -0.34048380224854902 0.21572951310920083 -0.77972081259288095 0.16131891156089045 -0.30742246121361605 0.25355118363007295 -0.34063344685840402
 -0.02121136933801087 1.3860988162661039 -0.8411826207847396 -1.4549323577170006 1.4698361145756278 -2.2636144327208005 -1.1104352257264676 1.2267232542953181 -1.0094256411374882 -1.8772982992885476
 0.010985705587382041 0.13403885945692107 0.032120104001951116 0.080605610929220237 -0.038487617131358461 0.29104675799137225 -0.017151812408095775 0.1571379625962423 -0.0096789517124736234 0.085709873470642281
 -0.016633652724020141 -0.21846848310710495 0.033571965609411995 -0.16727715597161574 0.048234358731818833 -0.47975131531673398 0.052168252687386465 -0.20919244911643237 0.016257013484282882 -0.14829585888718083
 0.029762010622515114 0.39790862497793833 -0.1513560052013895 0.37209701180090965 -0.11997199758732506 0.93778083546075919 -0.13990202443037064 0.40696805068313829 -0.11808168574403809 0.38975705476351796
 0.032611659504258456 -0.023050803458091663 0.26180981677860998 0.075494870134751424 -0.24548355765752136 -1.8199245581545753 -0.18528521085824648 -0.73948118855055356 -0.51203108175620393 -0.56588397995746087
 0.031196999869538479 0.5176058408203188 0.23884063855216964 -0.1087306168839825 -0.039168474056670566 0.68740377566063782 -0.16929137253124185 0.62079048381516233 0.20612013168737103 -0.065954785647434649
 -0.015648075607086216 -0.29000575472269252 0.6844893922290759 0.34829815520272106 -0.31550517433068326 -1.1859823513372667 -0.3206884844005653 0.39949058905344387 0.68165967087719559 -0.29459618496030393
 0.0016132325062901138 0.89019160081111348 0.83115672703667964 -1.5237194900529776 0.28382279022635237 -1.595033395824428 0.34081675490862773 -1.4400999462365311 0.87873649544738142 0.92114913403162701
 0.018101812462198157 -0.03423047885305739 0.18498962481275336 0.0082909026298428837 0.010073088877312265 -0.067524131577815658 0.071122388244739182 0.080212201349889878 0.074602080027449058 -0.036547270246008803
 0.019486391655889758 -1.0163681138104441 -1.2937468303959367 -0.98871967326670418 0.97823719842940027 1.4105781731670135 0.84396561576457896 1.2784582370077355 0.66625969552417841 1.1657475359940594
 0.052193504139857134 0.5356958867869227 0.0095980428008259899 0.48793179687386823 0.019013666845156971 0.79796728117159155 0.26339722840610763 0.22303631845338992 0.19352644742539113 0.057878571615461276
 0.041546246270940695 0.5533512244712917 -0.26924118389663637 0.57944931062848537 -0.28997851486090781 1.3349897024508703 -0.23580424350756399 0.58884496647176243 -0.26212585881899592 0.57438517188421523
 0.017637097138313563 -0.78989923037593157 -0.63389166933829644 -1.4833011950183825 0.33968096285162763 0.11969900261109846 1.0274744214890708 -0.64862527149852445 -0.5468567679612345 -1.8255161831692237
 0.076319881106122853 0.55350268817597403 0.13134404832194288 0.3489786188166723 0.14391579661372511 1.2021642788779903 0.025632445163451839 0.22711857315942169 -0.0032384762573690077 0.057656731916164529
 0.027340412028630214 0.24509096875956846 0.41548211052019596 -0.56702793638135396 0.35199659945642781 -0.5900843081061895 0.35125623086124858 -0.55440098459764675 0.26589860532176934 0.10305092397168857
 -0.039127840702563477 -1.606449549673505 0.16181105391106682 -1.59936940960306 0.67779936694157494 1.4183341320899405 0.28793266431682063 -1.8594558802675074 0.28131279698642619 -1.5204683976539091
 -0.0053260699608964233 -0.46286698146589578 0.025604154033621106 0.40743228473870496 0.75074176562619999 0.89969006327953527 -0.11731839648844419 1.0643742368394595 -0.33691964546656805 0.96270660212929782
 0.031497392677964586 0.03018259948447824 0.057871385677540979 0.040120106121382587 -0.027212684749619895 0.091105772334529753 0.043569672847010334 0.082873620784254476 0.0082945667979744345 0.041343108796364353
 -0.017172362509842949 -0.11334121926285365 0.063407150262714332 -0.098078430095705896 0.041860026529976196 -0.32962198380640328 0.035701080366014021 -0.12951731202976052 0.029356607476029792 -0.10731160539297945
 0.019005664894288957 1.0332102436309973 -0.52849961065630546 -0.056020503236631575 -0.30318352503239099 1.3074147764395438 -0.17631053589412088 -0.16955121130356518 -0.45393920794428594 1.1230040691998344
 0.041379491842512162 -0.60061538854663521 0.39966454887397529 -0.60589724596665739 0.32842913357790321 -1.3228776011065528 0.20396435644116898 -0.58429762779226002 0.35066602581053147 -0.6529128974520626
 -0.026244560216176768 -0.65449468240289044 -0.22940054504081278 1.0404519450089063 -0.74275715147444532 1.1872449620780738 -0.63255805999037495 1.130444112705757 -0.18563006359054668 -0.38212350660828098
 0.0047533404997772838 -0.095104025430994263 -0.29087836628490038 0.04310149783470036 -0.10532935307232118 0.049725926385432294 -0.24699541752747667 -0.018300895157337706 -0.12129009231186333 -0.10792350109657067
