# Created by Octave 5.2.0, Sat Aug 21 23:57:26 2021 +0430 <amin@amin-N552VW>
# name: Theta2
# type: matrix
# rows: 36
# columns: 37
 -0.33774200832463519 -0.084507661345332288 -0.041759916594828139 0.0057678242247092594 0.071199997415788446 -0.00089022952360203887 0.071973353831581877 0.085652054960228902 0.071411949858727231 0.067530357689456921 -0.010271786003499584 -0.046634569582983794 -0.044175488981211576 0.0033266128479271248 -0.055154192361168836 0.0021011087213168994 0.028512470217123789 -0.062630835737958981 0.0036938776283461732 0.0039413694370556574 0.053948771954223255 0.053090916896435726 -0.061324707536726197 0.0014232466069172389 -0.051462043951497109 -0.00077359130815187296 0.044955746945773721 0.0031721934920065846 -0.052640181233980447 0.0034063706202878924 0.047967518321113109 -0.0011540165362897981 -0.042198208070878637 0.051412696531278453 -0.04736410845374657 0.0070681408701893022 0.0048439992890291243
 -0.14599802349170882 1.0502293338968753 0.57752886671759496 0.0034088039674558292 -0.75272674053687505 0.069771301754992285 -0.76682585737366915 -0.92880364716858632 -0.75178575748062482 -0.71945602582505386 0.20015355119800179 0.58683604757031482 0.55684562746232136 0.035908665636711558 0.70794096564443387 0.048845978236432497 -0.26194235077098715 0.79086947615780345 0.024269455800235089 0.025853362775811017 -0.54014496541595924 -0.57409097193908343 0.79756251150007751 0.05548017152827267 0.67267303644282583 0.089786121852661757 -0.42275281103850992 0.02890818737566633 0.68689963930823739 0.03029046908364464 -0.46522356595565789 0.077050313294381126 0.55247529429121489 -0.50487633070997628 0.62421934805230461 -0.019011388087436337 0.017993374023372775
 -0.0081918249036288891 -0.89983735580363633 -0.49022209370099501 0.0046352437688764242 0.65519666838445034 -0.054324929264647263 0.66936220745688069 0.80524297618158025 0.65579532668985274 0.62964710798295609 -0.16428460948594717 -0.49886190960504795 -0.47332187431142153 -0.023313507644701331 -0.60481124532359243 -0.034685753459254724 0.23619799992095722 -0.67676032309481038 -0.013868589685421519 -0.014795674117403854 0.47595648655161232 0.49920231490978423 -0.67969566759656308 -0.040496270922523538 -0.57604352776172962 -0.069228641789399914 0.37652201155954845 -0.018029604381908655 -0.58770969457003197 -0.0188193056686565 0.40955519017902314 -0.060126567344339014 -0.47179630380858012 0.44297143858990934 -0.5319120426199252 0.023356516858533974 -0.0077114910051519535
 0.15355912620662623 -0.05214189357886919 -0.027718392135668193 -6.9485363583468037e-05 0.03775024122782366 -0.0035801256396070184 0.038264447758648026 0.046096925870554709 0.037865561512492409 0.035821699571180733 -0.0096269901222793049 -0.027733769982756784 -0.026363427262690385 -0.0018007392746324236 -0.035385634044361812 -0.0024761107354897382 0.01335525783923075 -0.039481791389492329 -0.0011640013510849012 -0.0012577882625710137 0.027480719979124144 0.027494069028012425 -0.039115375203126156 -0.0028039701426750556 -0.033202750849777127 -0.0045626235904693739 0.021489916018457355 -0.0014069724882664902 -0.03393491820267696 -0.0014855615160413024 0.022764617519558262 -0.0039391274348434344 -0.027746099310735659 0.024281553043414832 -0.031021932086861992 0.0011144044658380743 -0.00084057679645230298
 -0.026260492126869876 0.28197192174773439 0.14962156701159107 -0.00083620415140082591 -0.20580663330016827 0.01821726344047269 -0.2089046390820854 -0.25149834367403634 -0.2064991090767678 -0.19606516151946901 0.05114792143975181 0.15087840989081136 0.1433692018170942 0.0082708631248575026 0.19055973610752697 0.011958658410408373 -0.07369179525473836 0.21292869839780401 0.0051410309933783123 0.0054851640025465999 -0.15003203873300774 -0.15101826140349509 0.21126522722504282 0.013830363055850446 0.1793053508152673 0.023120666705152896 -0.11793938737389253 0.0064831801201400505 0.18317782144721126 0.0067789704700476992 -0.12532652994757112 0.020150560968133103 0.14938810721144069 -0.1342323602513357 0.16712826423211222 -0.0069813399716756467 0.0032069028760975259
 0.23414765228051027 -0.12143732575471716 -0.066124027229163579 -0.0033356586640989443 0.082517121638582505 -0.010938876746670659 0.08372182522238153 0.10153463138649797 0.08278356522819047 0.078451570296201451 -0.025296925667442096 -0.063708006483353341 -0.060637315037082529 -0.0074598141774177944 -0.083435677701625952 -0.0089819872299504357 0.027395073710450232 -0.09257760468159118 -0.0057212773719265567 -0.0061189106343906736 0.058725787589156579 0.059406004965855852 -0.092061915429436841 -0.0097211042455198626 -0.078544659435508382 -0.014135358887788687 0.044464392695723262 -0.0062400669980513393 -0.080233101885000435 -0.0065835133165007952 0.046854994482963729 -0.011970150234862193 -0.066039937190481596 0.050108960609479086 -0.073800576284307098 -0.00029335759769909492 -0.0052582408816940112
 0.11216673570857584 -0.6830916666997664 -0.36958868418408714 -0.0024300502138791097 0.49033277444035145 -0.046985454485608869 0.49823988260569407 0.60263776438108896 0.49117490862577812 0.46863520393244856 -0.12932331938273955 -0.37088380013112748 -0.35230739372473951 -0.024235231124744013 -0.46151818335853312 -0.032912142516249999 0.17222544760774508 -0.51540596486301615 -0.016418751112689343 -0.017493073636491024 0.35393206849628939 0.36578542136348924 -0.51619177404533656 -0.037367461094115449 -0.43695799674813363 -0.060120280020202428 0.27665300711385588 -0.019549114473534555 -0.44638170549206807 -0.020475664454564325 0.29787618137335103 -0.051863929669610079 -0.36271930182626416 0.32076291757334968 -0.40647279013198767 0.012623800268446226 -0.012214297709745288
 -0.12128716942502327 0.68953887823411675 0.37332785700714582 0.0028811932782723984 -0.49432003108915751 0.047764417560664373 -0.50222737563385145 -0.60771769482556814 -0.49516831737269201 -0.47232182542298701 0.13099041789844082 0.37446054420831576 0.35571943588269689 0.024893166502317973 0.4659933962422157 0.033646677540009509 -0.1732450365065922 0.52033787636440243 0.016980322980015651 0.018080520756648007 -0.3565190961437763 -0.36874411704355686 0.52128664369404498 0.038138939055526698 0.44113654898370314 0.06114281358970703 -0.27841527682065614 0.020112106350522952 0.45066586184519258 0.021082933289193438 -0.2999596668339084 0.052712065049133276 0.36626265890095783 -0.32307446519608729 0.41049298624797653 -0.012352051156383614 0.012768586121534318
 -0.066219350012487868 0.26242811613831063 0.13975551514000376 0.00082200574545889242 -0.18899488184947244 0.01824868700933811 -0.19177018541703497 -0.23131761274284529 -0.18960722158450546 -0.17995188222140887 0.048924174597146215 0.13985607901761979 0.13295842962311763 0.00928874544171919 0.17779767642911104 0.012682578736526132 -0.06661658301639177 0.1984384751312423 0.0062818823272026798 0.0066807135977185383 -0.13700697544408147 -0.13803090777445193 0.19684696286722042 0.014454116527091096 0.16726752473056222 0.023237960924464941 -0.10698626409986231 0.0075210572138099206 0.17085983993023326 0.0078641769356250397 -0.11344494400914172 0.02014724226018088 0.13973083931408536 -0.12170171433506946 0.15634601275078516 -0.0050399003013876301 0.0046084035127293759
 -0.073466989590354137 0.097088626169270068 0.051378970333948448 -5.8461113301367821e-05 -0.070572087406101575 0.0064712065919835318 -0.07157834562054867 -0.086203855593482911 -0.070812237828652286 -0.067060160205308125 0.017744579714102805 0.051688510907829464 0.049147219619797421 0.0030679836772097057 0.065722015950634385 0.0043344563007769992 -0.025055573618998808 0.073377478497356249 0.0019943222614029472 0.0021180691617560311 -0.051334259764692185 -0.05140314985877311 0.072598700508073308 0.0050012421718957732 0.06167343467552449 0.0082204280470158774 -0.040220487179596899 0.0024548025208997733 0.062995472411793221 0.0025583316894011005 -0.04259188068648289 0.0071596306939965566 0.051510003768106778 -0.045651649695726125 0.057690554131712764 -0.0021935122816564979 0.0013263979614817295
