# Created by Octave 5.2.0, Sat Aug 07 00:37:03 2021 +0430 <amin@amin-N552VW>
# name: Theta2
# type: matrix
# rows: 18
# columns: 19
 -0.51659964753621546 -0.15805972408465424 -0.81864168910910395 0.042164158142842863 -0.62115082086665196 -0.47634624002057735 0.8016052019583727 -0.10897674180726757 0.10008339817629114 0.034057150020098778 0.80607378410635988 -0.56126808721155019 0.3777999940908694 -0.69088816628726957 0.29954913707223429 0.084070851118817833 0.53531428200278064 0.5850108408239908 -0.79709227804105509
 -0.6390557371119624 -0.23689799672121828 -1.169071456866329 0.039408437427001827 -0.84965686756446712 -0.69890480259310073 1.1284803683566851 -0.15286964450014048 0.22178689885819486 0.024008241170091357 1.1519754844294534 -0.74486037529091031 0.57262041914951212 -1.0682675232041101 0.36577294880029282 0.17411463986128581 0.76934851422033523 0.76923148942880704 -1.0799731636447401
 -0.3909341990292991 -0.025293746127863115 0.089319956940664177 -0.10051892699778901 -0.17107686962856702 0.23330959831950893 -0.30842993439878857 -0.35663746373737543 -0.33692942629919231 -0.060515761152311116 -0.20260336325028522 -0.24629483776645489 -0.49588936108852844 0.318604702950882 -0.07252672038920556 0.013416551201502222 -0.11176452731326707 -0.18448899028080684 -0.10627528044581649
 -0.95989344813970312 -0.39932302498238631 -1.4087775568108876 0.070531623285257181 -1.4409036019294283 -0.56612156725395502 1.603170595936841 -0.69596189597278402 -0.070617393731478476 0.078248494678735375 1.790145352894813 -1.416677279188848 0.26705990509957328 -0.87243019656674103 0.65596739728772779 0.35087202908439397 1.3419998286368711 1.0640617452693988 -1.7456083933787401
 -0.42795609389015687 -0.24342384374214004 -1.0229765090287644 0.041982223156912475 -0.59067264696608968 -0.70469903689280644 1.0095002412249152 -0.043472839108853675 0.28314109954593542 0.014017868761898696 0.87918451075847315 -0.43196875063812401 0.66674737116007254 -1.0117383576147474 0.25379856425259911 0.060718075699815299 0.50013458207587902 0.65632633361758674 -0.75358622818502974
 -0.31935019143335253 -0.12753584340428523 -0.56031441222451028 0.010710797283254693 -0.42546765129918668 -0.35410401393106561 0.54744750153339339 -0.066122534154704121 0.066630112133344271 -0.010944812859441261 0.58922220493638522 -0.40783423213440911 0.23175212856250429 -0.51502930597075947 0.17831718037743399 0.0821587410938832 0.33629508183763751 0.39803232955047707 -0.53606387806060307
 0.52439241660662517 0.14690145132619847 -0.54068448439297112 0.2638537457774181 -0.15229982986067336 -0.29095598731959754 1.0288792179058566 0.44921099763060651 0.55336350514364518 0.23936508304706716 0.81577533652795697 0.031133978131379015 0.80225403570002141 -0.5740986627253839 0.41368997510575101 0.23824832749004812 0.56049924173326648 0.71294023420185748 -0.22943257776533735
 -0.26487302738752377 -0.10692819117696997 -0.48358521592365633 -0.023766848387919835 -0.49471722740233176 -0.17795076649278199 0.46759531811620214 -0.17656257854589513 -0.032799047342201071 0.0060656070869189215 0.49662891228504541 -0.42768906500696924 0.024968099314116813 -0.2377271434468276 0.22442090175404406 0.12885329904940301 0.38006266864542693 0.27334938694037564 -0.51417214175983128
 -0.084838721587136609 0.03090001187076858 -0.093669726380691515 0.0003424253707880778 -0.28148352001731297 0.10724052593975074 0.086198629406088995 -0.2285048073608511 -0.22027494812431592 -0.002565358309805468 0.17408774353227308 -0.304960377733413 -0.2796181441670999 0.18048348720879459 0.16827246920645206 0.10948835576857874 0.21274453460346296 0.052997055534970076 -0.29400717426723388
 -0.78881818624616418 -0.37567869306500035 -1.1126400782851633 0.028888339065583666 -1.2437011259792095 -0.45620961923803555 1.3335022331389388 -0.62804078105710692 -0.082453986325375997 0.051678800631952841 1.4842378352044516 -1.2219025240384922 0.17836860632947599 -0.64676157158061276 0.63502902040185649 0.35084867822825955 1.0851652035988915 0.8709461483117148 -1.5087405275838348
 0.23652079541128881 0.088847730637179795 0.49346992999424477 0.030803971009274726 0.37517640032624638 0.24313673204877825 -0.42495242418585277 0.062842679856125211 -0.02602380243942622 -0.003046816820667729 -0.43792095914440482 0.37591627946816819 -0.14505548558913903 0.31535574355914658 -0.18900764940509535 -0.05641365239909521 -0.29039486000041692 -0.29536430400172964 0.49317614114167946
 -0.56642974586506167 -0.19982998784437769 -0.9756475580913605 0.052466150026953214 -0.88533801461605 -0.47074570786321379 1.0257286782308153 -0.24786361207869656 -0.0099632852168285487 0.0046119337321488098 1.0737444250762902 -0.85478327419108902 0.23088461650008452 -0.68998612477947219 0.40947429016089215 0.18091243849473407 0.77197225868790675 0.68073550768073987 -1.0308676328910402
 -0.51236739824203348 -0.17223026546190254 -0.88473105714539368 0.033307747682419321 -0.73801446527067305 -0.4727917029123519 0.84730878977488577 -0.13189153518233043 0.03447676726119827 0.056751489605397873 0.898907111040817 -0.64894878662611022 0.28729401031321494 -0.65746245659506575 0.35519478267260063 0.14347017762188569 0.61496824712485032 0.57410389775972814 -0.85410521370807813
 0.48352709455350557 0.24709314422522291 0.65722950572449756 -0.01840928237949321 0.90638191505989685 0.25832921631189165 -0.8399609984900136 0.51216895169054777 0.17508657677034012 -0.051638843758710223 -0.94919353324335587 0.89016917546717333 0.025730835451938737 0.31997410354878275 -0.48393137276796794 -0.32227128474706046 -0.73532141186803446 -0.57368256882260571 1.051447819566611
 -0.91094030172761731 -0.30106510990138147 -1.3873017514494184 0.077457084250724478 -1.3144174660168599 -0.61327383602029295 1.4716878840574119 -0.48585814575918723 0.0060645056079888099 0.031819018198201696 1.6155318600836444 -1.2146466294100304 0.35691493612633152 -0.87793994021320609 0.60839559243979946 0.28496123695998998 1.1348120548283935 1.0089449559193266 -1.5495678008913902
 -0.23097779864532877 -0.16523534331244097 -0.74245593783861319 0.039415206637124355 -0.40346617852889466 -0.5044748212817548 0.71855254045436268 -0.052465310984082525 0.183780699035446 -0.014382236385276843 0.61454327712625378 -0.32628752092425656 0.44826127836027141 -0.69908386904507258 0.15824664146997364 0.065527504139786003 0.39179989234632256 0.46769199506410475 -0.58797042463486326
 1.0816015152391765 0.58191990565276175 1.3426870824234185 -0.010686106994044613 1.8025736917113151 0.56261445664981002 -1.9553231752547238 1.3660907892390342 0.26613305207177468 -0.095102061220609865 -2.2409565176048156 1.9271789008059732 -0.079813984382031092 0.71270083827111186 -0.91660548471861336 -0.64049609185274081 -1.7375334705675867 -1.1634625646821797 2.3532231571171267
 0.81586502076666134 0.42564983629924169 1.1133332388332 -0.009438980206348745 1.3247681807926619 0.49140530276411987 -1.415786778163298 0.81954365056993661 0.13863755022873769 -0.085095728641509633 -1.6124419800980332 1.3625453192344206 -0.10538690680623428 0.6083819376566274 -0.71044802440670241 -0.45506876148575875 -1.2350693875980243 -0.86580169303647125 1.6408739353236439


