# Created by Octave 5.2.0, Sat Aug 21 14:44:20 2021 +0430 <amin@amin-N552VW>
# name: Theta2
# type: matrix
# rows: 36
# columns: 37
 -0.022425647744359813 0.12772030699096898 0.41520455192768368 -0.37555498078312788 0.0015167653291289958 0.027551992430526081 0.15572533848035519 0.27440577402182903 0.17036131032982138 0.016475729443615365 -0.13345642851909048 -0.17606407262300108 0.065052000824894582 -0.20371706146790727 -0.29495472742976447 0.72801982263893517 0.073795659576037759 0.47975568006868108 -0.32834983361786124 -0.42523476255008652 0.024249074380879223 -0.27567700362503689 -0.028510659843843988 0.010578895737437696 0.61348874660523856 0.36912638506024192 -0.90439428252770382 0.042012442828324628 -0.14550508736964435 0.19387979788795279 -0.071642297621840656 -0.23773107217742162 -0.20624089876238053 0.014179382029844739 -0.23481356261792763 0.39636787577614707 -0.22543087953614116
 0.051902829406471736 -0.073215055941901391 0.340787306482492 -0.061898999392878525 -0.22296663131595626 0.35529141712864487 0.57009409424875246 0.64304315193748784 0.099575539847959499 0.06443405950979747 -0.48069903354721299 -0.15250245416809025 -0.0069075533288775028 0.077897911486185592 -0.51860780392621653 0.50197276469346652 -0.0044156382567343902 0.3753252279974984 -0.51389745361878314 -0.49875997556292612 0.10717079235251943 -0.21551392739142652 -0.39095544980731206 -0.19844760816452206 0.62439297533215399 0.37017661584692013 -0.5829341469978534 -0.095265629353908171 -0.062164842007059122 0.2235408613704358 0.052919870897177736 -0.55427779000218369 -0.16909762261256564 0.19446559425944698 -0.28368534715692001 0.55409121805898376 -0.42498518039773292
 -0.023043232010246877 0.090361275296755375 -0.56379684559675136 0.19237724037814483 0.2439068848650226 -0.46345180187562779 -0.67162695919511439 -0.81470725451542869 -0.1806300213954658 -0.096928886412954857 0.56110685363504398 0.24874659688443351 0.013268185251996569 -0.085484308933916633 0.73429065034537333 -0.8685501991653064 -0.067958659144839895 -0.66996173430457506 0.72063717809646621 0.77994594895674185 -0.16131057125019019 0.34668000103514612 0.44474276260647416 0.22566384589257563 -0.98695293147576835 -0.60343987410708166 1.0547149214366449 0.088624452543415638 0.081000174299343614 -0.35082640740592375 -0.0044672974180595274 0.72539516786751268 0.30125717661754531 -0.26584409823850358 0.43277220454353382 -0.80009305959666777 0.60741142920148605
 -0.059737484281571697 0.10356800252912604 0.16996611582441723 -0.23115335714197166 0.036960053635416712 -0.1145949333852703 -0.13448886670245597 -0.066897615144746139 0.074953986801612693 -0.004067082490045666 0.069397978708287261 -0.059574912924927767 0.066388501612399661 -0.18072444013127373 -0.036323062327379523 0.23323253260387344 0.037538543771399285 0.12818385194078993 -0.040280216745855385 -0.097596037037131447 -0.028661552512539146 -0.11367846716538807 0.05026018565613518 0.050113292855447154 0.2132652198812337 0.11437237559588651 -0.45701439960045326 0.016982854776929401 -0.068847970749047957 0.0080551642307095366 -0.082721001059120752 0.049233230797842711 -0.071861742574003573 -0.088178807956031335 -0.039891285383550724 0.017726103953843612 -0.0040568861621502568
 0.019380526744038718 0.029213588821387946 0.3170090547856983 -0.2145777389253683 -0.091339736226559928 0.13229804588324418 0.24615066942304509 0.29041972125057625 0.10077625092516861 0.048077629724454826 -0.19516063154047578 -0.14098777040101854 0.02676028101707717 -0.033320202012559919 -0.30489639471984248 0.5285885603862811 0.036080190578473732 0.36956469882140014 -0.32405554109765644 -0.38183731265157411 0.034241040515195081 -0.21381497156118923 -0.11609621934199031 -0.025834201154839823 0.52909451578179434 0.3273713100165212 -0.66488250639922963 -0.01343269003377541 -0.10896163132351354 0.15068683230223578 -0.031899832967468164 -0.24981122842275841 -0.18551187993352333 0.03231618296245143 -0.19738508030348967 0.36547831002532932 -0.26010398164016957
 0.056402932638104079 -0.14994793228428419 0.30172211562140816 -8.5646273231793283e-05 -0.28870249400324199 0.47737481766558582 0.69607066675524665 0.75661060542358916 0.1010729032574092 0.083566877344327314 -0.63779004677909035 -0.22660818289841442 -0.087682805658099258 0.1626732978502986 -0.62251710704389351 0.52289470551768302 -0.022067692841555412 0.366302229604272 -0.66009673777315125 -0.54112886540240013 0.15462477191812324 -0.24733352983584952 -0.49299236183632034 -0.32222735240008449 0.7041544720513172 0.4367258887964251 -0.5227553776305438 -0.10777942775818571 -0.0083454382433911772 0.30124323008184239 0.029963392472585271 -0.69445348759543335 -0.16380824145695608 0.21983871243012851 -0.36505967899273933 0.67694059074411972 -0.50551524296640704
 0.062737404592177318 -0.06244816991306603 0.65168697944573362 -0.18469398542564805 -0.29249532596799505 0.51412732330509348 0.80418853055061246 0.94752411811475046 0.19187603372674017 0.13864120323830129 -0.67407382453972786 -0.32044207438415728 -0.021934103348190313 0.077013381299298564 -0.84411533633968161 1.0042195349698853 0.020503263116339248 0.74823298003537875 -0.79072704757891854 -0.86256171229837231 0.19443139935035941 -0.42686451390324054 -0.54681478361834535 -0.29635306480543827 1.1289706956128309 0.69713417627014962 -1.2237287771679355 -0.11383756037027319 -0.13446224856924741 0.41617947687204432 0.044763126160774783 -0.80160339027477134 -0.34581576677353604 0.24125287844548324 -0.49067632781474618 0.92631442525883856 -0.65753409096522286
 -0.049439266445357136 -0.23251865666422983 0.18028270389023468 0.05417036278179551 -0.28657690309025247 0.41042772672869615 0.62730653152849747 0.66267866359655225 0.046697981547813683 0.057842821857239296 -0.62002307692288627 -0.19271863383765866 -0.1120629604403139 0.16437044828291877 -0.60385619216818309 0.38009984586446521 -0.050745612836334622 0.23032843935559422 -0.58519519387016683 -0.52719486602784138 0.069836782205628098 -0.19142765354253488 -0.52249492930828234 -0.32257062433203276 0.55202292565141553 0.343362350005813 -0.42937281409912997 -0.17467781545179839 -0.047231537050770343 0.21177529684360902 -0.014582126568490495 -0.67823799302136556 -0.14742868378729351 0.20498138867257154 -0.33368137264567499 0.55607912112731273 -0.53558729288565743
 0.083490849825808316 -0.17763021531238377 0.63791982881306108 -0.084397963852499716 -0.42566856691804927 0.69709440510846488 1.081659337734844 1.2384440030740471 0.20162206327662285 0.21163620401508321 -0.91830269142869747 -0.37910258056474 -0.100138738155477 0.20621185319221971 -1.0382834317533063 1.0046725784635018 0.018561409068512974 0.76773453719041584 -0.97417781227966926 -0.99385244534571981 0.22655150550595912 -0.41962619073537993 -0.74256436094228406 -0.42774436282370459 1.2798150111856699 0.78100025505553061 -1.1930468321483083 -0.15586857622647329 -0.053726814219998004 0.52930998981999933 0.079107767867685891 -1.0570084003914924 -0.33143557271966667 0.37778661432145894 -0.59383809433093493 1.1345389780376025 -0.8474639275664223
 -0.0089408701405211503 -0.018782901669042111 -0.52717258333871786 0.30522881090340115 0.13639086702887399 -0.25765153344849151 -0.46458636126698194 -0.60300795851774713 -0.19149278733878974 -0.098928309051827604 0.42154893266924315 0.23032773066368156 -0.075847323143887257 0.04422036157377008 0.5346684758053678 -0.89064917315647518 -0.10513428600432664 -0.60820400735990932 0.59285443698035212 0.64142256092097827 -0.071599587521664218 0.32932112897128518 0.29354726196387132 0.10993459681532594 -0.92906819317671696 -0.53926909320365823 1.0976236115441027 0.058224184017622811 0.10461254024676588 -0.27750516063021635 0.046384592630074391 0.52144870748926209 0.30719811989592705 -0.14978854448110471 0.40269838480755715 -0.66951033484291911 0.46758831284512337
