# Created by Octave 5.2.0, Sat Aug 21 23:57:26 2021 +0430 <amin@amin-N552VW>
# name: Theta3
# type: matrix
# rows: 1
# columns: 37
 -1.0191889515186767 -0.27309763940444765 3.234824891697516 -2.7777332225166735 -0.15926904863879807 0.84761376586517001 -0.35756864266259542 -2.0719166170762495 2.0851700583611841 0.78349402105928778 0.28873786724177597 -2.4175506198596626 3.201751026541058 -0.11520156998427603 -2.4968201889984227 -0.11765223985409178 2.6726036514591973 -0.51321173999342473 -0.11686428470397252 -2.0552617157906514 2.6713778541063364 -3.1327662203247377 -1.7373792070043281 2.8979439990731839 -0.39915723381022422 0.73080765971944539 -0.34764449230680383 1.3689874504704873 -0.18321755162953762 -4.1147657369716706 -3.3316622593377803 -0.35166373994021405 0.81072788126248863 1.6897687272946083 -0.10805912961706482 3.8356281244523962 1.9167390811417446


