# Created by Octave 5.2.0, Sat Aug 21 19:41:06 2021 +0430 <amin@amin-N552VW>
# name: Theta1
# type: matrix
# rows: 36
# columns: 10
 -0.013624989231111058 -0.062163828979410522 -0.10596949134794266 -0.067617387815777863 -0.24920918682527329 -0.30751372685730927 -0.065355735395155615 -0.027041591486490685 -0.023339566695556813 0.0018167068041913376
 0.36577853866497984 0.21233915636504266 1.3037741040188793 1.0662446228663058 -0.82063407672744015 -1.0259344421738223 -0.79569722946319632 1.0127076042646324 1.2021368084967086 0.30723515311436073
 -0.080389169879606065 -0.86809267559431935 0.98920211386763024 -0.95414949639256541 -1.0841267617543999 0.83443994819200629 -0.98553454028054943 -0.89194696431699416 1.0631897791673965 -0.85912031171139558
 0.08802803255408366 1.0915521202384197 0.84517899796246632 -1.2079340810340684 1.0599814312254932 -1.3958611559856597 0.97817875371964935 -1.2479529740744315 0.81605978018909586 0.97674310573192924
 -0.13926521460171865 -1.1893859278005543 0.85623526522517901 1.2663128588198496 -1.2550888893367604 1.1221948108868591 0.43868710294115026 -1.301917749269955 0.67195245219658561 0.8212995449378131
 0.097454350989145747 -0.94504402286679989 -0.66727801825605737 0.95791011739987286 -0.816459790580079 -1.8267673585154591 0.78834161062818442 -1.2553727636991301 -0.69721146966872449 0.72780511620192945
 -0.034927266577771308 0.00972855411069962 0.018217588391235363 0.028451426343333745 0.079051598927961778 0.080576773503696728 0.042139425442306026 0.014980076378627057 0.0083460942756175931 0.017496097532072638
 -0.029570680367520384 -0.10372372975587353 -0.11328191237235737 -0.14668389755665046 -0.32341923577634307 -0.34565080609882398 -0.083643444980832718 -0.022116357292488984 -0.022169072631654945 -0.0095616408859711503
 -0.084682133240186822 -0.0080752476203321943 -0.012424102133745476 0.0207163681083786 -0.015239475039669839 -0.036398777305991052 -0.0096142933024280699 0.010715694853208816 -0.0095322483101896241 0.018042253823268992
 -0.16706511878518146 -1.337758218626345 -1.0609654589121607 -1.3960631449972205 -1.1150849706995045 -1.7134092863295831 -1.0455491260791969 1.0636096933425074 1.1417865785499879 1.0191018717571436
 2.760275408876784 -0.65560247882303424 -0.15290994890936274 0.40007073424752787 1.1635602131928977 -0.18017578704655199 -1.2923458749030314 -0.6501813858254919 -0.26423897888630027 0.27221055292341001
 -0.27135387770455516 -1.2967176186803664 0.42689319672275572 0.49657233647401205 -0.43735343607238564 1.6920342005958779 0.49083534985980642 -0.42896725481665793 0.49325712570855568 1.5217750348605674
 -0.034998265783069651 -0.14839101440354496 -0.17931591422822274 -0.13894935575386719 -0.32786790810350064 -0.44363247978714759 -0.056669963192950548 0.019836969227978011 0.0032193807133774608 0.052807192372667858
 1.7420239839050473 -0.72060491541314298 -0.08985608373974184 0.19508853680793287 0.40151524911673492 -0.35458792788745763 -1.3731213633623209 -0.60566758693695344 -0.14039317085583342 0.19035384797435778
 -0.035974738615628644 -0.066392053449336824 -0.09070982165740514 -0.079990679755580538 -0.2417695805789967 -0.29025838690514461 -0.088506248200128479 -0.036052248155117275 -0.020360718031414281 -0.0057956313788992582
 0.30000142053711182 1.2875499843813827 0.90642581083657192 0.26693408866364265 -1.2344928313242529 -0.60835204786113928 -1.3186285390444326 0.99448831618665079 1.0241609549432604 0.49908329871109713
 0.32781868359877725 1.9661427029885803 -0.01464425049862386 1.3742379042415256 -0.69850718772978571 -1.4198466777396812 -0.63426461338437534 1.3591328442996247 -0.046559906134489945 1.87004929819045
 0.27202162112216244 -0.18854211440192772 -0.93450435740642901 -1.6391429513629523 0.53185653799301169 -0.14360391982620782 1.2725303699060173 -0.31930255218640058 -0.80644871985293409 -1.7898998406210349
 2.590137580399106 -0.49003917430537886 1.1929689673470378 -0.98761273749232525 -0.63150733027524619 -0.62255051670547656 -0.39645581439389233 0.69934309832309671 -0.81517195013088328 0.044120670198198396
 -0.97776856611069995 1.499448001360784 0.032083576833469997 0.21007207010873963 -0.081183911083809429 0.86013886328412015 -0.25890389083315651 0.90694009284231403 1.1332919416219345 -0.7014093943461388
 -0.087260169927177153 0.010586064302426973 -0.017986656347667968 0.015698007929778261 0.014893674645349398 0.014638046398233866 0.000735089960906198 0.040684278080944311 -0.026841640117064566 0.028209201109110682
 0.003199281829568744 -0.04912241400417839 -0.072909622052991674 -0.066279029983786569 -0.21102739337708024 -0.26656960067269647 -0.071901460351486104 -0.027723748960639512 -0.022482126942234299 -0.012761146959925283
 -0.13089535888923021 -0.42571016877746976 0.78923104608857886 -0.74900433838277103 -0.80232321383486627 0.5434713799948715 -0.60706921465703612 -0.71779234558652849 0.89958165765617748 -0.52483908542835722
 -2.2314665709876076 -0.22016599373595477 0.82935460816562789 -0.18325526457143412 0.5110871976137249 0.82609312669913049 0.4152935705462541 0.78946819779165112 -1.1438328409484801 0.84016760807260205
 0.084609073590994482 0.73104559921702272 -1.0105273691329437 0.80403752761091118 1.0367934834199564 -0.78889128749633297 0.9064550028018038 0.82622875780993532 -1.0557764432964531 0.82069716418492922
 0.14953933187409174 -0.19247766439991221 0.23238366555056844 0.21063587976236067 0.53051420591671428 -0.058177907781348917 0.33377696933605017 0.214837750212449 0.19709112360272343 -0.27511926498629208
 -0.19967559276978136 0.0028439271683293821 -0.16345559130814702 -0.12998850222109293 -0.48718669128101416 -0.071973126634290938 -0.288465836662889 -0.071635344833090406 -0.090850575387012494 0.11978837951355151
 0.069125172687549322 -0.9395782494140118 0.68779354363342093 0.87869422888380222 1.0193305950885301 -1.0818445281286007 0.90661024482917063 0.90646615984705425 0.63910602127257743 -1.0349880829794578
 -0.10614961854573794 0.068588582108395468 0.059166609293445298 0.059806629270563336 0.1571356424800851 0.20025334219376204 0.095258914235164222 0.051324365551772437 0.011841640912427769 0.0089758087225039213
 0.69644048167055017 0.87698317868788056 1.1586217165332304 -0.74742128963395726 1.1207250196705267 0.69276410789311216 -1.1181458103842241 0.82694269464904957 0.81719253392382951 -1.0043960601674551
 -0.002817239586413476 0.02274499727299301 -0.023007438493338028 0.012413122279445686 -0.25278520029904455 -0.33253706149838463 -0.044176785747915094 -0.087813118620360203 -0.056077793580810879 -0.063990080800722188
 -0.04908424367657075 -0.13411250838782027 -0.14389183457668592 -0.18359272555624773 -0.38561111788913144 -0.37301626577948976 -0.15814237967079539 -0.090456472358328266 -0.053898981400375294 -0.066772166184985299
 0.1354962535825226 -1.1246957702153542 -1.2237674213310719 -1.1491719934753484 1.0858932266951995 1.8120686786931683 1.0022890377811742 1.4451751727063866 1.0190748262623621 1.4111304668948972
 -0.7766869243099277 0.84926023484926116 -0.65252757080904689 -0.72373124050325888 0.85625670298711309 -1.0534087818848155 -1.4047898752543497 0.80571015794423528 -0.7914976542065828 -0.73383298858216917
 0.042008928571846696 -0.12936641314525182 -0.22573735793950667 -0.29541870427638767 -0.50761621445975114 -0.38038918323219167 -0.11801647270564651 -0.068871113113267962 -0.035342981959971452 -0.071138669254759396
 -0.085394834778809714 -0.036397588607920486 -0.054530539400948576 -0.030570956171816797 -0.14053317054703895 -0.15816766087395182 -0.055053699261388811 -0.01381392684877885 -0.019637844753892443 0.019487432526014058


