# Created by Octave 5.2.0, Sat Aug 21 16:25:17 2021 +0430 <amin@amin-N552VW>
# name: Theta3
# type: matrix
# rows: 1
# columns: 37
 -0.13360841354174335 0.099381639578634079 -3.0349006423708542 -2.0318895153089898 1.1039227014505737 1.4246290209745653 2.3053650478739773 1.0862542016435626 0.0014259101618724821 1.9365225214172574 -2.1563571254669349 -1.3039208522752264 -1.0246483938685362 -2.7070519574685155 1.9006265337277981 -2.5773124786801289 -2.0024979399182303 1.1569721739642718 2.2008365533126626 -0.72394459354339302 -1.2594380922535278 -3.2524721542641051 -1.9535612624298346 2.4750072867412523 -1.5044531021717069 2.3918249250389625 2.8765010434594029 -0.65725979309681037 2.6111554265209396 -2.0002219742836349 1.4893710338624575 1.2258517018974509 -2.5679393106111323 2.5635502675732509 1.8302415301172363 3.2738169659333667 -2.8595006379344796


