# Created by Octave 5.2.0, Sat Aug 21 16:25:14 2021 +0430 <amin@amin-N552VW>
# name: Theta2
# type: matrix
# rows: 36
# columns: 37
 0.67822359251173625 0.021877379693694927 -0.0030519804134280337 -0.02838343562454098 -0.00090295279492258853 -0.024725428696147356 -0.030480572942409436 0.010296246567889361 0.0081211936388939938 -0.02121072580726362 -0.00043961406291038768 0.012108032362424111 0.015659783253074377 0.013014785336796316 0.023192350819495694 -0.0034212891188996524 0.00020874676446611999 -0.028689191053776174 0.00053399510250701796 -0.0044989446294131296 -0.0038266818461189125 -0.019174811259511454 -0.033517085054577456 0.00098239822555411271 0.022985864119049574 0.021726772230163633 -0.0031985429582878249 0.018871959132754496 0.015857520978202463 -0.027321745538573205 -0.010630502679650983 -0.031948741684012523 -0.0024442917305785299 -0.0039692754021371417 -0.0024569725762390916 -0.0013044084685920644 0.023831024971506343
 -0.15408244007202218 -0.69513921493711783 0.011422018244198076 0.75744113643052846 -0.056320053739134582 0.65519697694153489 0.7832547417558452 -0.3988125641356986 -0.28125652092302944 0.5369536825094342 -0.057287648907029927 -0.38270805320541973 -0.49439494929964595 -0.42380062506527649 -0.74340460532450015 0.018031545605205344 -0.076149725224038484 0.76098055710105628 -0.094294598947573943 0.041154108968620484 0.03003875238904434 0.43875215804952733 0.87428891291391597 -0.1143438845522096 -0.73301722778686618 -0.69147279957300312 0.027934123007985309 -0.60477170920089296 -0.51604510090928801 0.71759746697058635 0.19243911622867751 0.81768131222352913 -0.0080082596213862395 0.038585588532038362 -0.0095197717311994029 -0.03978384596998441 -0.73393591414588644
 -0.099654407599103809 -0.47356207883426371 0.0081593406615182856 0.51120121581568201 -0.038077164692411132 0.43925457927785 0.53352356959575065 -0.2659837673780393 -0.19058580786343496 0.36528281107311888 -0.038785812209822877 -0.25576280337403412 -0.33644621867366298 -0.28333040170445295 -0.50476146701925362 0.012668424462200005 -0.051688950061365313 0.5137865179533907 -0.064068656231135959 0.028218344857862347 0.021130548133030475 0.2976007408092029 0.59495240575143704 -0.077518044529038058 -0.49800107783797665 -0.46995396787411953 0.019477977914653159 -0.41230114318367761 -0.35102614871055843 0.48576632469574293 0.13093935983609092 0.55815577695335128 -0.0050123034120793256 0.02687309437178504 -0.0060344902568921187 -0.026766179140383744 -0.50091091965478995
 0.078172950798894178 0.26007426804058137 -0.006370092913844945 -0.2809903669615359 0.018958856563030611 -0.24059616869552483 -0.29636513381579466 0.14241545052410626 0.10404921228317199 -0.20309979580770887 0.019653407596099369 0.13867429160505237 0.18496833579668345 0.15353576967796984 0.27503671149901954 -0.0089430217076457257 0.026768672534095171 -0.28288633740433811 0.033380352952906797 -0.017612091886370015 -0.013681965970089359 -0.16642476769853948 -0.3296027098427014 0.040571824682868587 0.2719768622541992 0.25743543000356328 -0.012331483151971514 0.22645058595298032 0.19217696493651573 -0.26765759079986212 -0.074893024950208567 -0.3109208969892398 0.00081517214350693438 -0.016707975543185205 0.0013303015408405207 0.012840674782649447 0.27558352576439954
 0.1116067446087167 0.33373118464912033 -0.0084530271390831149 -0.36223501164807487 0.024224546623866691 -0.31090666566808234 -0.38056848399336141 0.18373166657550472 0.13354807389019924 -0.26107595080980733 0.025022483482431242 0.17869733635538529 0.23730213226028307 0.1982199401301141 0.35385736742151114 -0.011779309104699823 0.034163273240828296 -0.36496554687650201 0.042743492298596211 -0.022948566855373033 -0.017842816126935848 -0.2139383514143447 -0.42370585067391348 0.052010784351267755 0.35019020327177236 0.33138105373878712 -0.016150098547359385 0.29070883131838748 0.24734076881713468 -0.34486291321815865 -0.096337511231126036 -0.39941289218319992 0.0008598137478173217 -0.021696842360454369 0.0015157414782553545 0.016280033677400246 0.35336211043653809
 0.1451071653303011 0.53469068688413757 -0.011004727416455699 -0.58169275076255278 0.041283522208539078 -0.50127778949153878 -0.60521483431144041 0.30096791226979763 0.21515741198017024 -0.41519714468489965 0.042285105906138827 0.29034469229047644 0.37995130885495537 0.32207902230646973 0.57049864023251906 -0.01621443513626256 0.056885479875252574 -0.58554257707850232 0.07075278541022767 -0.03408127320068903 -0.025712889293678164 -0.33933689293084857 -0.67542006927632525 0.085885842286712352 0.56363092089660871 0.5321896671728954 -0.02355649582466041 0.46573806142071017 0.39717631782425711 -0.55254439543158873 -0.15059646868328991 -0.6340159552340483 0.0039394559526537976 -0.032099374638506734 0.005051086641095979 0.028543136245424598 0.5650432542864593
 0.047568020969175971 0.25736903542770345 -0.004884984505081927 -0.27552899274260173 0.020201713119078275 -0.23557204170879736 -0.29057683536638595 0.14182114630041007 0.10323855532646803 -0.19875673565961857 0.020657354226294673 0.13697361845923625 0.18302638341014804 0.15169143090328605 0.27208096714978125 -0.0073469746104996873 0.027677345924846837 -0.27695797680268874 0.034366770503170843 -0.015727872492912097 -0.012039757759481892 -0.16198250194244443 -0.32311468162327234 0.041591573278121276 0.26879308276587405 0.25438114317799132 -0.010999919444594566 0.2240176290857685 0.19008694564282347 -0.2622583431805437 -0.071771497806988563 -0.30446060201567743 0.0022271838936921092 -0.015107263692764111 0.0027716874611648239 0.014072918981501988 0.2726915319740732
 -0.60179782513745705 0.00088260941984467023 7.9773436370978489e-06 -0.00093404681031205574 0.00016741813561781116 -0.00080116180554820051 -0.00096254603254693758 0.00059279294865832461 0.00039510631073567747 -0.00068642390132175771 8.2740252770689292e-05 0.00043302545726980272 0.00067425116232375346 0.00063361685380680579 0.00090925362218891828 9.9454793619979072e-07 9.9645139626630826e-05 -0.00086956243869815218 0.00019026047794095831 1.4140256404017015e-05 3.1315971635838168e-06 -0.00043736933794555051 -0.0010357837395364542 0.00022443269163060844 0.00095631617462022651 0.00090717300176798652 -5.4289399919999868e-05 0.00075067050825067217 0.00074295057971908939 -0.00084474744754150079 -0.00016173704887303969 -0.0009416874422500265 8.2146010471198543e-05 6.5250042583195535e-06 8.2931756637042269e-05 9.0642846728310964e-05 0.00094692627469768014
 0.051324884170846803 0.45590488274355701 -0.005264502143907673 -0.48759361199528573 0.039137802119558952 -0.41800376960428304 -0.50946666855020362 0.25715482609500473 0.18385343337889154 -0.3478761302071649 0.039523213456778443 0.24569550070123267 0.32383386575869777 0.27168525984695047 0.48596945499653538 -0.0094386369409033936 0.051901090924427795 -0.48889755916893918 0.06397000996444642 -0.024072448297871304 -0.017583995264137873 -0.28212613419331661 -0.56783398735952484 0.077064219026176398 0.4784045826721931 0.45095504374798445 -0.016461068079544526 0.39663298653766987 0.33716309171768116 -0.46315847302914342 -0.12216238176333992 -0.53167792457932528 0.007344753556965092 -0.02327331565629525 0.0083902846540012729 0.028212150115716306 0.48254307910063643
 -0.039017031627664248 -0.50543771503145418 0.0044881908180061181 0.53997164077229476 -0.044682751932938941 0.46321397178909746 0.56318518054529287 -0.28709621533076324 -0.20419047602790455 0.38417162117726772 -0.044953264525750825 -0.2734267422366688 -0.35896515577823557 -0.30196859018524497 -0.53967444959519839 0.0090390062674825921 -0.0586439566105234 0.5406541436113268 -0.072099079390343213 0.025149464635288561 0.017998448026834105 0.31113107659757594 0.62778917227788877 -0.0867295002820163 -0.53046678553122362 -0.49946206661384823 0.017035260126648126 -0.43949084692185358 -0.37358101432308244 0.51250767964613031 0.13365923419168071 0.58646012209507881 -0.0094803893661117352 0.024406708533243365 -0.010669847999424371 -0.032560082503065572 -0.53504661807792497
