# Created by Octave 5.2.0, Sat Aug 21 14:44:18 2021 +0430 <amin@amin-N552VW>
# name: Theta1
# type: matrix
# rows: 36
# columns: 10
 0.013174746956255375 0.10989461946482139 -0.2756268653625204 0.088525122938150499 -0.10444763655757239 0.22987821478118509 -0.22223566810099646 0.23081223133020401 -0.096655427951009273 0.10143370497399179
 0.20043979935010367 -0.18622211630809218 -1.3059321995020501 0.13877811654690114 1.6228505813724949 -2.0937845027175106 1.6521144361019291 0.48337785260071348 -1.0711713705397137 0.19920473686631399
 0.026112647566330489 0.86906566145475961 -0.32704038958428638 1.1352307818924514 -0.73853278707412751 2.0501539662147019 -0.94731470261784145 1.4060799443449761 0.040224063244007909 0.62566037271681829
 0.10432492883363863 0.49375232047281636 -0.48080568257174716 0.36131114904087702 -0.70871446581497166 1.1256493157950394 -0.8310715924861124 0.61611534152095837 -0.27336737189675359 0.33496560290959337
 0.19171159454040029 0.43548894113488523 0.47521577516852531 0.20819613192598238 -0.20701893536528457 0.7483295448481635 0.43294578148947055 0.41413995571748974 -0.013308721696037777 0.20457833625222702
 0.12329729044922318 1.2144106094356604 0.83535788969055591 -0.24143020986279465 -0.44855816889868644 0.8484684886962125 0.53401287913220785 1.0456469962291528 -0.020706538749680505 0.38987277665021353
 0.026414947636828414 0.52841746214086882 -0.19584427468557347 0.38245967393501873 0.12482486797320687 0.42030941801596794 0.65516349174395372 2.2714622730149925 -1.6241532577128122 1.9355875009745405
 0.01088569993449061 -0.83241988988521065 0.58788413128220607 -0.80927691266584234 0.56915004169594008 -1.5247941309731832 0.68701489080973333 -1.0242017039380815 0.26442727850785869 -0.6940653962637845
 -0.00089915453377492616 -0.64975992621341283 0.49960713682650809 -0.45339325721317314 0.52414985131398184 -1.1534777700464951 0.46807887704841472 -0.66075478253300413 0.25407109452033499 -0.60318483620727437
 -0.22221424963224617 -1.2284671042085202 -0.46503070839138883 0.17139253093026943 0.058627589731222673 -0.40529441748517619 0.83977489372747283 -0.75712527718654399 -1.141225125032288 0.5562118075420982
 -0.11109547882946233 -0.22602425552144914 -0.043041659827939387 -0.57521571728240728 -0.16292588626365462 -0.88975604433526068 0.16194002991350034 0.064942381247643732 -0.18482349846480228 -0.35012313095039865
 -0.036146593358655256 0.25457017701264262 -0.2192826254799243 0.25416074250594828 -0.16964595127023932 0.52710915361722077 -0.27758302443607652 0.19754260792225528 -0.10872480246264581 0.28268572782037227
 0.014267570479643679 0.67218288503134949 -0.26389896200047147 0.82339292851424506 -0.17824609084148232 1.727959904717681 -0.055762445137520482 0.71921996342919148 -0.14933227387714948 0.83009261848243809
 -0.035186018738429137 1.2418262341974109 -0.52616479997346566 -1.4811994027010642 -0.94385502361565288 1.1658750377961129 -1.2399892410149076 -1.0160899930394436 -0.45658881441643112 1.3184202282979072
 -0.071986154054492338 1.0101208842565554 0.55300685333802924 2.1713028701981973 -1.3741799894627278 -1.0397522537564365 -1.3524615703416427 1.2684329790537396 0.79366986298151032 1.914401654062132
 -0.029446928452646768 0.28914735433677857 -0.13205868958551442 0.35563656358093776 -0.1187882330945355 0.76651047625929036 -0.28073011945919257 0.25842363980565675 -0.0071279082559897898 0.37047256222196334
 -0.22631134692414312 1.0736340377461562 0.28141723898461618 -0.96183544782028185 1.3035587512049001 1.2159410727370263 -1.6049105354835349 0.79529131233873851 1.4340456550604137 -0.85649949208370968
 -0.10307760415655143 -1.1343165177857135 0.88032052507563707 -1.1864711701272963 -0.11655749080883313 0.85182846613803409 -0.6486575065132304 -1.6480695090639241 1.0521368678883312 -1.3855659296775356
 -0.0061413294986625705 1.1020526746701809 1.4199812818353468 1.6005939728872602 -1.0206598155947888 -2.1162572157632571 -0.67437070065091109 -1.1316376951197951 -1.6821332342553239 -1.0143971182475293
 -0.040534763902120234 -0.62803311157141983 0.62006217085504611 -0.29986955967003781 0.46687803923902071 -0.95792971650793834 0.37551388629475752 -0.47219641616738678 0.40879217103516929 -0.59669738472328016
 -0.20679086464121169 0.46683662645156287 -0.2364444212606191 -0.40364164133000979 -0.10601037823500964 -1.785785476274429 -0.060343918893147948 -0.10060712040985949 -0.10165726491011383 -1.0577508931678188
 0.024618722851710333 0.3068699723726443 -0.81119226992713156 0.88056679897983337 -0.26211781307509624 0.74444339933211867 -1.3930052693550892 0.92118569242098147 -0.82227587922760259 -0.53505858472653633
 -0.042095485028986308 0.052717024131763407 -0.26629432614578374 -0.32751518537437962 -0.13220467460684651 -0.28582534997070475 -0.07185705125437121 -0.016111800643304919 -0.064423431881624402 -0.038864409978743603
 0.11315986349521352 2.5319106301120944 1.4489770526382459 0.1055129149468832 1.1986928595083779 2.4971539973523464 -0.17227103730295282 -0.95594751601640982 -0.72649893851734904 -2.0981935529152587
 -0.040071304838636572 1.8489370358941877 -0.88599784806286808 1.7642356645263657 0.60057121227866839 0.75207249534829368 0.47124482508910337 -0.27503816816837617 -0.036764697633202524 0.046636653340935828
 -0.0078571251529373828 1.0344364247116002 -1.2138476945065353 -2.1517643508801769 1.1630324367593687 -2.2894716747054571 -1.0967271980712245 1.4891705705893874 -0.6590639188391676 -0.74183432436347507
 -0.013116026808493086 -0.48645363240697737 0.074695332491907365 -0.68299212036519952 0.082611357815488881 -1.345235674404754 0.17716137321985048 -0.50726475959391637 0.019447488061391027 -0.70975076494260991
 0.0025722791754045661 -0.21705415224436858 0.089776102160032498 -0.34193877254366933 0.081352626687559895 -0.63911270056266667 0.20601919367450031 -0.11542028193879739 0.0028952369447656457 -0.24164104182157298
 0.16599177541365853 0.15300050035421039 0.17848963859122172 1.0023013905964644 0.12651890667187252 0.88050802177222676 -0.40771827914813197 -0.24024975590575776 0.30007990492860553 0.69595277575916814
 0.041059774480681703 -0.025527334570273241 0.076962343510594999 -0.0069125251718820764 0.053705036993730831 -0.11184955740573489 0.066170186219962346 -0.090800345690952883 0.01141624083653507 -0.07055737741341471
 -0.10111362570357467 -1.4144955861083819 -1.4605335800452639 1.1227819550606721 -0.49191924311754054 1.4599215224244502 -0.087848997872548948 1.0073353624656975 -1.3095177658610895 -0.56998825116147323
 -0.14235259990737154 -0.73450360761652256 0.23442839169534865 -1.1428601421428279 -0.34516071483932065 -1.4680870646355073 0.26221288685054628 0.35665104520334323 -0.70861564613713746 -0.56274676014507219
 0.093112248990073282 0.40451822952355121 0.040696217894340712 1.0620493765523322 0.14959799424545095 1.8712773007741332 -0.13688460401910013 0.10675094479009201 0.30827657264231945 0.9493288778201785
 0.049889472946209809 0.24483936102785725 0.090982798626103339 0.26317007398123599 -0.88197142582365695 -1.6693025002814754 0.37140377509695971 -0.82084514146314824 -0.40302580471582011 -0.44404198120789623
 0.11979369536015243 -0.71544850206191857 -0.99304453350898181 -0.99075367250780466 0.8984659021294692 0.79911411362881368 1.8151485741421676 1.9023707764728106 -0.45327437115999797 1.8200749120950543
 -0.07809215547262896 0.19251715550337656 -1.5606582244804725 -0.92248458094074559 0.69515255138991972 1.6893965050279072 0.44904110301937222 -0.42771063263203668 -1.6632880059133026 0.19499760660368987


