# Created by Octave 5.2.0, Sat Aug 07 00:37:06 2021 +0430 <amin@amin-N552VW>
# name: Theta3
# type: matrix
# rows: 1
# columns: 19
 -1.5331186697952348 1.5949509207639601 1.9937289664704794 0.12819575054763238 4.3951508907943477 0.88135833581444734 1.1111012231079913 -0.85647615184148174 1.1642550868519927 0.46794752305709414 3.7823235801885664 -1.3507041703125355 2.4896687214865376 1.9481363890078289 -2.8612221964952935 3.7162397718905975 0.79618164580778783 -6.568889238794247 -4.5757260564903559


