# Created by Octave 5.2.0, Sat Aug 21 19:41:17 2021 +0430 <amin@amin-N552VW>
# name: Theta3
# type: matrix
# rows: 1
# columns: 37
 -0.18358617807686056 -0.84155382103043819 -2.5277033563327209 -3.4605574876050906 1.7721650481848776 3.4647113860734491 -3.3308251916997151 2.5137392892735719 -0.2220536875856633 1.538389275006407 1.3334357437325906 2.258371227419298 -1.914949958683523 -1.5715954355561439 -5.8621993843597915 -1.6490997492178678 0.41245054229474382 -2.3351146107031764 3.0896311713309972 -0.47283432305265127 0.58135270645809811 5.9973982435057733 1.8782571819634517 0.1047900653953991 -4.1232685965273053 2.0417361133564977 0.15422623714464265 -0.59145004620404218 1.6919887411194188 2.3038788463005311 2.864124724983351 0.39201733977979858 1.8826811554329212 -1.9598550332960942 3.6901595057696932 -3.5317016115938253 -4.7959339715627314


