# Created by Octave 5.2.0, Sat Aug 07 14:53:57 2021 +0430 <amin@amin-N552VW>
# name: Theta3
# type: matrix
# rows: 1
# columns: 37
 -0.33380442933273036 -1.1485743020055346 0.61966205649169037 -0.027831469439806626 -3.0236424513171851 0.01131445773595624 1.4701971622709755 -1.1931850456031736 -2.6596948856212421 2.1515457685465167 -1.6313737874085672 -0.1088330918425934 -0.37875137969317291 -2.2508290383991385 1.8917822299338631 0.0085961016110377431 3.6884605123002392 1.8330135834503929 -4.5164862327020803 -2.7930251913477377 2.8769973578862538 0.44014782983490863 0.26554469097769473 0.15049323977315654 2.3397923179880529 0.45501188886914773 -0.61508874918703715 2.4614001336473299 -3.3946498020750226 -1.2798847372939497 -3.7755377500991165 0.66033608135597288 1.1301354573168376 -0.13643105033961705 -0.070916933443371077 2.0237781703993383 3.3406751503378045


