# Created by Octave 5.2.0, Sat Aug 21 16:25:11 2021 +0430 <amin@amin-N552VW>
# name: Theta1
# type: matrix
# rows: 36
# columns: 10
 0.44808589328864651 -0.72448174843861513 -0.8290965255817434 -0.74939990710816151 1.1980672216780126 0.96890962480417409 0.58083589511895595 0.96593181661707084 0.91600607986578786 0.76820109533473724
 0.018120529802867217 -0.01627622845430457 -0.025821224613385235 0.0012049998845279535 -0.0189494328625265 -0.021786659018270194 -0.045466298034048502 -0.017524464629586387 -0.016551290314842516 -0.029302793120360753
 -0.40588262678915715 -1.1956154348777066 0.81815684507277764 -0.62070717737065884 -1.2127320401062773 0.81745892295319844 -1.3195372206692961 -0.26114283289438195 1.3461185975495986 -0.70647433303649521
 0.18609574336419571 0.045484862376673457 0.067901226213400973 3.7965190230144571e-05 0.056013349886189362 0.062516540485810138 0.12727415355694924 0.043014500619451258 0.051774505606971506 0.08189810197110664
 -0.17789680890134668 0.81761316588583943 -0.9608675936206984 -0.8725473957771348 -0.93394072141422624 0.89587091534968144 -0.94623259233708157 -1.0353314000757761 -0.85942664314314454 0.87051957482336251
 0.054167562128868522 -0.35668435285608857 -0.50173934518667651 -1.802085151769439 -0.073439217357128259 -1.9958273422665531 -0.69209644446255847 1.401475287036321 0.25790507250676076 0.3178443548457115
 0.34997837480522803 0.76795065833633502 0.62533229417494696 -0.58435841762215524 0.62733848009925108 -0.48160727992264341 0.6660442379517888 -0.45453563985870643 0.60034502954426994 0.73410190529970976
 -0.9194351144683266 -0.13543144607045723 0.74187665107418854 -0.050077808860654383 0.25113442398154917 0.46927070159019257 0.16474068304740089 0.32826156568676829 -0.25480516483411914 0.58012566919745534
 -0.21166191756552136 0.55271052629959394 -0.68121491638299858 -0.91532399355895655 0.63995285734224505 -0.58101233997721302 -0.29779372350201683 0.87920825472812958 -1.0437594073282441 -1.1579415979840582
 -0.069696159740051208 0.04678542308113693 0.079096509602443549 -0.0032559748402319548 0.052643988450254489 0.063256060944510376 0.1320990076500527 0.05242881073532632 0.04633273644610137 0.083128594661595209
 -2.0352759806420608 0.80727383317302237 -0.56624904124279207 0.16845098791123081 0.024880701800006455 0.34709229305856604 0.56865531310403417 -0.089384240282429223 0.73624962747943012 -0.61056290284203851
 -0.69604720485448124 -0.31490434106623622 0.84667758246778213 0.29819842371628652 0.3806945846904678 1.0793630367560378 0.1840851456366448 0.41061149266727232 -0.060035259558196719 1.1629031001770933
 -1.7719453080543397 0.41616443875699832 0.54609252993694679 -0.46415506124097827 -0.61448758473535658 0.30184979832393888 0.96837287646171222 0.64322494531106011 0.32643048074614783 -0.061718858723067378
 0.11700611532443367 1.0485313640132159 -0.67541864940459329 1.4371086582881816 -0.43309952990403544 -1.2632881905744864 -0.26259649179815148 1.4729718266787517 -0.72244922899411601 1.0472452987183416
 0.11811358226339153 -0.022633789951591755 -0.037534875321417582 0.0026622556456516507 -0.024715699038654872 -0.029658800970941788 -0.063676866568091586 -0.025780373616176494 -0.021837992891918883 -0.040086354981728745
 -0.041336326831191768 0.064237050576770621 0.10826586722363579 -0.0051676148273531739 0.068865137356729916 0.085585962994801382 0.18046227664064626 0.07268456121001883 0.064617497182526837 0.11404090892888349
 -0.33887096313875059 -0.61121365421443863 -1.4849727884140655 -0.90744429452169684 1.0051941144783001 0.9981122456128847 0.84596870379903788 -0.78559749312800609 -1.4349404435546982 -0.64108271717855414
 0.1519460990937036 0.079790528107181694 0.11649477582921682 -0.0020761754720320155 0.092912139380419659 0.10798423030123373 0.22488653116771226 0.075884322250323835 0.099799181164688069 0.14892332905920652
 0.29820478293791269 -0.044417113189598637 -0.082676913699480548 0.017065404569167369 -0.031382269935891431 -0.051921950295410614 -0.13102925456233633 -0.061071811772393111 -0.035336363219198676 -0.072505675699368305
 0.07217971771401982 -0.03257139593429785 -0.056359041171349183 0.0034425301031936677 -0.037187371317144877 -0.045220040010501013 -0.0940439416293333 -0.038799437128352945 -0.032495781697745842 -0.060366428985713191
 1.048095576292932 -0.15259281369661679 0.23963226624591569 -1.1358103682648455 -0.30437553502180092 -0.7146005619719572 0.089847391901541493 0.47648722030593227 -1.0694101766290778 -0.62495104511995425
 0.061798100751936369 -1.5439219463070319 -0.52815612647863797 -1.0572078520286681 -0.91715445661023054 -1.3475383744834375 -0.83658377403377016 0.90469004180757839 0.98270260806957954 1.0843169073969676
 0.34534741618178094 0.085095054261024913 0.10260055872328412 -0.023406385781843956 0.12396510202463085 0.12684421114929481 0.27481812511255249 0.066621132365472333 0.15315311921166064 0.20639790240194186
 -0.010891322868712222 1.3952629079467149 0.71894340198110818 0.4650271479625846 -1.2837935123304782 -0.71460480666781845 -1.0882757036903132 1.1863646761191267 0.65007150089195576 0.66496031497626262
 0.12226798326212802 0.97267434915886009 1.0740142131049686 -0.90521603483051061 0.39949084967390602 0.74302735493811389 -1.0354835545152647 1.2533622751287923 0.81152412706921428 -0.74170376696604357
 -0.29601403285683775 -0.030210837345936443 -0.043070708011739553 0.0010451996217059488 -0.038635234647732553 -0.041890455845042529 -0.086056873732002839 -0.027491077025396216 -0.037008660561170761 -0.057176479593832194
 0.2888901818468429 0.8936529003772844 0.79277438729975536 -0.68831343772023901 0.99090529430919283 1.257971320359724 -0.91793832120645713 0.3998494187114609 -0.043455788632649886 -0.98736746110818319
 -0.35079608158576647 0.96050693834663259 0.30403134928520642 -0.77970332344135906 0.40652914923677613 0.87383732125972302 -0.50890648253500415 0.64442214514111495 0.97406755694869163 -1.0294905837437824
 -0.071390709538965591 -0.35677710297127074 1.210946219803912 -0.69818418429715723 -0.8120916833051548 0.88779060170303636 -1.1676879347320201 -1.2609349551065459 0.94774113337484089 -0.7036675578880911
 1.1500493657431148 -0.1261019770170918 0.072534404939594788 -0.49121355498986607 -0.54444717926773989 -0.32849200637175457 0.11823667265555227 0.26387593407651072 -0.274287442100628 -0.24580773534958411
 0.2396174212070652 0.88686586507427312 0.70754950656504223 0.94145906246716671 -0.74137999871301508 -1.3372086740121929 -1.0410078161236298 -1.193408715280325 -0.23017730454511043 -1.4394663521747342
 0.046110432963907655 0.0016376393768622814 0.0026548059576585021 0.00041978688074225122 0.0018549830473392765 0.0023469115845185296 0.0040857180420401347 0.0010960521445756125 0.0014031980677105757 0.0020837385822349268
 -0.063497273374482521 -0.041039625623124444 -0.064132951846900044 0.0019625078719746774 -0.047824190799010562 -0.055332286233578214 -0.11507623897791176 -0.042754559123222763 -0.04485471224051292 -0.074169248281466135
 0.098431987531050535 0.0028632172749931371 0.0046345002947280984 0.00038508565813197206 0.0033425594895567833 0.0040386994084432451 0.007548719063944968 0.0023687632135934496 0.0026557351882467327 0.0042615979853912415
 0.081088563572405181 0.030650479799304849 0.048472533271306489 -0.00035486590368016845 0.037093612132336508 0.0420178608675775 0.085718322574038802 0.03075307715937577 0.032072784090078924 0.054045117391397397
 -0.011866576912868148 -0.65021891766796569 0.63655978057001772 0.85957528164839547 -0.65305769350443965 1.4397704392978925 0.81750254437064895 -0.63177421551693347 0.86179705188642963 1.3644292671789402


