# Created by Octave 5.2.0, Sat Aug 21 14:44:25 2021 +0430 <amin@amin-N552VW>
# name: Theta3
# type: matrix
# rows: 1
# columns: 37
 -0.16041887249322187 2.5058511100862551 1.0442625347877419 -2.4073699199007126 1.225676792010844 1.6013280263224325 0.76692764442941075 2.5819564542658249 0.22849031089553426 2.1339965287937632 -2.8113372682600546 -3.8412284345853367 2.9330097712705201 -2.0130981005159714 -2.4028682600133715 2.2314075534978381 2.3329235888548485 -4.9895060951003858 2.2368517452629804 -2.0663527692196482 -2.2778141065195192 -2.4945821683921681 -1.3124211918704114 3.6360049475062959 -0.040760248863440214 -1.4333792535216943 0.63442167221647305 -1.1034317174213448 0.98848946852286146 0.23142634704354939 1.0526294337326259 1.6401053350490591 -1.5461545905977712 -1.3678278668171093 -2.5039793121387923 0.47526553744495981 2.7932314817879638


