# Created by Octave 5.2.0, Sat Aug 21 23:57:26 2021 +0430 <amin@amin-N552VW>
# name: Theta1
# type: matrix
# rows: 36
# columns: 10
 0.1171211666542121 1.2829963142587513 0.99506491649576678 -1.0513236810085433 0.75097785836149422 1.2431989436157689 -1.1693895043264437 1.1434698449979013 0.92689414374372392 -1.0615962626708877
 0.15465604008544018 1.035299435033139 0.64621553201531468 -0.60043762940198608 0.79301350642308299 -0.68673262140646252 0.71470395791335628 -0.62121515599415689 0.68975500285155944 1.0580369978668376
 0.02848055415030842 -0.0062477741344019507 -0.0044130222870938842 -0.0039562344847139672 -0.0070360379545529317 -0.0080518752435164674 -0.0050380757764006776 -0.0060042511124494807 -0.007395183599248875 -0.004309658392146489
 -0.14664798912886645 1.4679171404226401 0.24630066451466531 0.17578754467594129 0.16158192959191231 -1.7563123107924306 -0.49198684779733715 0.03369371996438672 -0.49547309175535609 -1.6922800719590119
 -0.15626751754775098 0.086163189250533123 0.052491022925151405 0.059931085671273851 0.086330974246446493 0.10974473474950681 0.056345187031351961 0.07767513432549264 0.09553611650286685 0.053831582570257622
 -0.18406911469445461 -0.80194382037243794 -0.67714353641973912 -1.1529402329716463 -0.62239927609713774 -1.0362794719584314 -1.01673202268754 0.91417676069336107 0.99048593090412784 0.90144471125188308
 -0.09409072313283294 1.0349303762308957 1.1427343185483909 1.0319949593629358 -0.92229709089595502 -1.1540393744734982 -0.93845246773248736 -1.1635948614176217 -0.64178029474876686 -1.1924091817341322
 -0.13115951886653068 0.15927861785353062 0.22848758276966535 1.4356527544630322 -0.48070039369592138 -1.7236382129434502 0.17329658890483912 -1.6802853003642493 -0.512514343488506 0.06313293377998741
 -0.28060112488987782 -1.3067659223797419 0.55633443025786367 -1.2316694961774086 0.23252182423302292 1.1200887382837112 0.26027000602886557 -1.188845132665632 0.43832967535038875 -1.2620199094315574
 0.31134041225554243 -0.038011152180549783 0.25416533976296524 0.31719052997843239 0.32487921701450273 0.039705802102382379 0.23227151325418641 0.4324300696052758 0.32981899416306754 -0.10231144263550693
 -2.9603630517100883 1.0760313464577373 -0.16844433284822719 -0.10968391213706365 -0.56184146892786968 0.050849912056270645 1.04397772384592 0.25333914226949616 0.57685655671808811 -0.826775201540911
 -2.8105043560159753 -0.37862774162954854 1.0970555185866919 -0.52738276084484104 0.22131829664737285 0.27631602210291556 0.2480985837369715 0.70350775232559293 -0.93867011668304534 0.55399380133986376
 0.18931012349894463 0.036615906407395524 0.023051908882137422 0.023440824894191151 0.038041425734721822 0.048641065349404933 0.024042931663773977 0.034953003793975028 0.041070086462358761 0.022460072311641585
 0.22229854148387093 -0.69604747541169565 0.87231278261482226 1.1939825032613689 -0.72566486552384757 1.2296368419771064 0.82310679099039086 -0.94306504759612164 0.45244652158749266 0.53446527357617957
 0.17729867511410966 0.053989861393111488 0.034242539534316281 0.034373789920465754 0.056491751742020535 0.071946508625904376 0.035545561910425287 0.051883164664923632 0.060843303119591574 0.033347313921758416
 -0.2558640423680113 -0.49706233390989174 -0.39346233744634418 -0.37216569799340327 0.42930988228112854 0.26556070856591185 0.47801220578853548 -0.44439506632171544 -0.44978675165242354 -0.42237476240973482
 0.029197433489396064 -0.89568118359702242 0.83062715192493364 1.0570940210240518 -1.0640071965536733 1.0106734050805761 0.42293529318946821 -0.83880996998954727 0.93798610058741361 1.1707844622193107
 -0.025165796084184667 0.022312818501452607 0.013771354090402357 0.014544727157637872 0.02275979334962883 0.029233199461304135 0.014508971297128625 0.020936595175066647 0.024857824758712253 0.013441359095176424
 0.10213561182437111 0.023764812679439265 0.014616864315438009 0.015418617197690923 0.024151573649678255 0.031330207097075895 0.015292275879973401 0.022399439982784805 0.026313203479308912 0.014404046735462181
 0.30812156826240228 -0.89335379024664607 -0.071559543553002064 -1.0347260806601091 -0.81592078297740178 -0.96944672800315257 -0.38069823365605093 0.80673368108448551 0.61175993758235814 0.48724679555284062
 -0.16157008209310453 0.61454377821449002 -0.72335244987899461 -0.98112815108398455 -0.78125801159210806 0.727117891740096 -0.73857402641779946 -1.0636397701964122 -0.73259585873284294 0.69170813896816041
 0.19860717528192706 0.64605750369802251 -1.0136649309834433 0.70316702912238005 1.2252505450356908 -0.94696195542358341 1.1715741075546426 0.91926685101416461 -0.95874609068243066 0.82113780951098025
 0.16482537885422335 0.062939692360714006 0.039838579542849722 0.040247998780430568 0.065640661264544431 0.084132884517074832 0.041254568930425922 0.060648128226959794 0.0709221285210513 0.039064466928893642
 0.12536608177939762 1.1264155984290143 0.91638514666846982 0.29262162806023445 -0.83158255040663576 -0.88972759823292524 -0.94502904642940033 0.46948059153366956 1.0144761155092363 0.92457234875592875
 0.44765450537153756 0.093908744297442531 0.064228308227349318 0.052908389435819977 0.12050741951591197 0.14623823751337706 0.062271586669137499 0.11487833989352766 0.12899467497992825 0.058707790234198705
 1.053131552800886 -0.61378918627186851 -0.42366005448827498 0.15538339194801656 0.32203215486962494 -0.66856373670089597 -0.74317060420280545 -0.88368942036464548 -0.11090935188037532 -0.22376911596299701
 -0.05603846646367406 0.028923568117437626 0.017645136315314454 0.018977299831673636 0.02914479865530684 0.037945259593277235 0.018714753434159528 0.027062148451366119 0.031901147780802011 0.017587530418021753
 0.16322660657218752 0.3817951615637627 0.93083131173834421 1.0704008322095668 -0.94239284892974873 -0.87929750348783453 -0.88551262704199374 0.95213576603324668 1.0150635434006301 0.49072607000667606
 0.064117247495138155 0.030017059365654956 0.018544939912045696 0.019493265420280195 0.030585036148379884 0.039530126540356605 0.019493687115488777 0.028291853137475738 0.033296754141049732 0.018294712615902355
 1.4592879510028207 -0.56686338672454895 0.43999981689952933 -0.78252361503982382 -0.33012299904057951 -0.45941045823044291 -0.18677643561979282 0.13240229444476442 -1.057115714338219 -0.084805986796683636
 -0.024280658353587149 0.095303602027716747 0.057778959229497599 0.063976999348828403 0.095354601752748375 0.12283335554977208 0.061911446604951785 0.087174352771992064 0.10611446372175606 0.058302671795502733
 0.11045230590230226 1.0262923215349107 -0.80607920021877133 0.99377291717631389 0.69323263270531021 -0.46342858450749352 0.66637917905976407 0.35448678675150586 -0.86915085648955204 0.35726489990749033
 1.87968486123203 -0.066503093076825226 -0.19702013105820362 -0.76422288827102791 -1.0828428594708697 -0.41416336997688485 0.66127239994791875 0.35151128063300352 -0.38035574304744763 -0.51422318440821502
 0.46700697521473356 1.0048861877010395 1.0171052179667341 0.24280962108348539 0.99420322710488396 0.96041601510481989 0.22472744787032198 -0.51898761352601086 -0.64136356720490106 -0.89085948495556655
 -0.21624778510670725 -0.035016127720789693 -0.022666327169442398 -0.022146203944134635 -0.037274634876840525 -0.046934950979206559 -0.023975909117235607 -0.034056375730794418 -0.039831527238435978 -0.022328927378920768
 0.16000189766900108 0.01263125026004458 0.0079265895004648635 0.0081489750784862897 0.013200439627897635 0.016453056969484198 0.0082088203067528665 0.011849145339316631 0.014363487926700317 0.0073555343940516485


