# Created by Octave 5.2.0, Sat Aug 07 14:53:55 2021 +0430 <amin@amin-N552VW>
# name: Theta2
# type: matrix
# rows: 36
# columns: 73
 -0.050785224984857325 0.057311097432921128 -0.086261894600707406 -0.05694800979460022 -0.046066994722096834 0.025983570792152057 -0.04762749596966033 0.02657609894024409 0.026327655797772857 0.17115985616777582 -0.090338195640953661 0.049336931682363742 0.049389701422299731 0.0098277806256149101 -0.001721559740143657 0.064534097570337887 0.23845316876681222 -0.036964668152242926 0.048788715160821942 -0.10285333996864916 0.071074674305864879 -0.055180286945839777 0.050062196418097352 -0.10351795391535268 0.053088222860434506 -0.18912789655600393 -0.055348003752047514 -0.043817142682695653 0.058117263688887179 -0.068445852209912131 0.082578239770862275 0.078673366095926428 -0.1110518862460579 0.0042296100414366284 0.025056117790124764 -0.030918368243521677 0.012278562022122153 -0.052839083297467331 -0.084742498485226261 0.14369825343340559 -0.066539750849909096 0.023859380955011587 -0.082103862415177697 0.10943893669865852 0.052324845575437241 -0.048230822353522142 -0.057386778824812218 0.29545221791432202 -0.011426651148982486 -0.091137355310169407 -0.081086415293592201 -0.02079515333279041 -0.0178073771674001 0.0064946986550084946 0.034682979731328813 -0.096509308281169826 -0.02808401270613246 -0.15342872343758829 0.044020015191846999 0.035787856194854528 -0.077145824335952337 0.029371357275142351 -0.074429226529572554 0.077626511080469224 -0.078705668387465622 0.011693704520729908 -0.037132851678218386 0.012762796422268208 0.027229469211374726 -0.065373823108650281 -0.069211006270081907 0.068120106170357658 -0.044910701680542037
 0.025833147424521596 -0.07048365526166861 0.00043037836494991776 0.039917709756325921 0.053308357949857499 -0.03811227731758654 -0.067246738206473103 0.09100307414967114 0.027127915442331677 -0.073045731434121214 0.072878079375251287 0.089001126563646726 -0.019552306397944457 -0.073261738167069546 -0.098067889474894934 0.018846525552901748 -0.1823200248956294 0.021572230617322326 -0.013868445761708368 0.0077069189853980202 -0.050045448128653205 0.058680107595917817 0.077187140548366381 0.13436630560244073 0.057104558352542203 0.17875014431144873 0.090962178564794494 -0.0012775845070294816 -0.16397022647621487 0.053730029431052088 0.077556597192012966 -0.18933936726422715 0.10382192670262215 0.033207180832781853 0.0021544126266462324 -0.044596544202943615 0.040105736075262084 -0.081582001834665102 -0.071674532434524443 -0.10131204741797216 0.064719567955078008 0.04038719836220566 0.16601784833583716 -0.090583791003992151 -0.042631174264399253 0.046833163361401038 -0.015401918385713295 -0.20117867706547912 0.01941034974718019 0.031796926361509735 -0.0082981709380403196 -0.05588277429890913 -0.083511056551152762 0.097993528338830599 0.059693543070302252 -0.04871310165874939 0.011812089225123086 0.12649199844013795 -0.03941670610354258 0.010359180841131362 0.093102060264639588 0.0069773937038762153 -0.033753332061078188 -0.076188839233741729 0.12900119274586219 0.055316015190569022 0.051125182364461452 -0.14438148462497663 -0.04791054241636785 0.022161922489495771 -0.028063205063501045 0.010705021138481959 0.030185041739139055
 -0.10333769581685462 -0.19354208334780076 -0.20079369812087011 -0.060291324842025526 0.12241300758259553 -0.18333561192512141 -0.31860230371260467 0.24423150136906965 0.10060354527200557 -0.10650582018502117 0.13008301849902473 0.34018905051129306 -0.00027019046836652039 -0.2608750225284569 -0.42416844999395176 0.16555157405758616 -0.31950859351232119 -0.035662445658439929 -0.0053497817123418171 -0.14282572300796234 -0.20035827301830078 0.081524306223673543 0.25615888997335368 0.25735953008317614 0.1732348762990519 0.24703005313232565 0.1746311254624707 -0.12713009467497616 -0.5063655089180098 0.036687291671567174 0.31158766512823227 -0.499077473293362 0.15607407398519771 0.067233977282114069 0.0031593285888822709 -0.29124931253489733 0.068616168719293588 -0.36639722430951888 -0.3920048503684197 -0.25529272846573053 -0.00015285329888311183 0.18283570410952019 0.38125668389203204 -0.23717860690125725 -0.10510446600622234 0.033937938999633196 -0.14804008321916937 -0.24615105231730186 0.015192509291094681 -0.034376472099787267 -0.13658178005129096 -0.21267192715357416 -0.40437357794807288 0.28623007076549367 0.22591957747027502 -0.3836586528358325 -0.071255453237850888 0.11256397201912505 -0.12167856277048038 0.047803256617772669 0.07962551584352176 0.02637863327494501 -0.34398888742736955 -0.16666724923683787 0.27222161081212004 0.21406997067268216 0.051140058780397159 -0.46943285456169248 -0.17634468721246455 -0.053682215733705782 -0.24600753417448218 0.12833350035365548 -0.072815868457069943
 -0.043687424226207305 0.47227368259588104 0.09567984651729633 -0.10595902456537003 -0.37625335647056202 0.31860654693686397 0.3898340219979769 -0.50994689730881504 -0.22257152087253126 0.4703491046698311 -0.48546355709286476 -0.66307610778523274 0.019694762985846249 0.42487554508820463 0.70602446733025637 -0.23621068635075465 1.0766981221510952 -0.12136332241676995 0.018732143913912043 0.0045672631961050647 0.40744832085225841 -0.39804757292855664 -0.47220514342919045 -0.71629635049568929 -0.31524955988149328 -0.97984123040685722 -0.52478241733773678 0.058707714989134095 1.0305848934899917 -0.31741481400193305 -0.50000026301022904 1.122302778463427 -0.63025764594658984 -0.18985870159083751 -0.034035924886307488 0.3622178292966397 -0.18203139172032545 0.55417950631417723 0.47340876332037496 0.69904599504749254 -0.26571228226190374 -0.36840133368552902 -1.0730518903391324 0.56289991765592751 0.19447920262086343 -0.24039977139178068 0.087425743164266087 1.0576836293857903 -0.094796919084714354 -0.18150840368647733 0.019967341538103419 0.29551127800694948 0.58935863895121143 -0.57849149112785903 -0.41822082481882966 0.46751229084787482 -0.070147278665970245 -0.63577020432190423 0.21895112490210591 -0.083404891515936164 -0.48974942243011016 -0.066634929289863296 0.39413739171984391 0.38793891134344022 -0.76868862919397041 -0.40109757043779787 -0.30305413161723915 0.85685407112220813 0.36588861475716067 -0.13617028948030879 0.25020934607421202 -0.14782730179032719 -0.058608486380724065
 0.043117427942087054 0.10478411761690659 0.11388080274232729 0.031383573779831128 -0.095560952425876977 0.12920781739269138 0.18962051668748428 -0.19488281169119401 -0.088463094791803462 0.065109374641595372 -0.087763076999495621 -0.24490029269573099 -0.023625283133834413 0.15317113598555043 0.26351733137000777 -0.12112483961023406 0.19804998388326894 -0.0033378595525311141 -0.029551789377525117 0.094552142185743926 0.11987981417317828 -0.097876806501089805 -0.17993339151870635 -0.17896439580751447 -0.13749345877033428 -0.17722721376945577 -0.14344167609894548 0.069238516881166945 0.32656490368991953 -0.049069024456111589 -0.21373000205428586 0.32530241941398524 -0.14668105936036133 -0.057179460941078473 -0.04107533974097153 0.19269558862646355 -0.05454937061498874 0.24808095904185748 0.26519267152281933 0.14185027202495118 -0.03042409965605599 -0.1300815356364059 -0.27544343752856948 0.14334841871979589 0.039874356992936663 -0.030460159016727145 0.061098696917395348 0.14661041889926182 -0.02770618249447817 0.028781784971593935 0.066840892203943861 0.13941198763598703 0.25693521895152305 -0.23149760542002118 -0.16291940695503679 0.25422515505785132 0.022277885312645098 -0.09465372224523165 0.069016954118201995 -0.052373337730993647 -0.080139918207072322 -0.031880279356350384 0.20251601146851314 0.089599291824704871 -0.21368800327959639 -0.14806811594607278 -0.04415211243021095 0.30406310550618981 0.091135425874802875 0.0062249158182447386 0.13042153818546559 -0.10703719336690472 0.016639329422693885
