# Created by Octave 5.2.0, Sat Aug 21 19:41:13 2021 +0430 <amin@amin-N552VW>
# name: Theta2
# type: matrix
# rows: 36
# columns: 37
 0.020879667495416469 0.030236958118965977 -0.10898912598156374 0.16509011192835044 -0.16383844288612506 -0.18471871060531608 0.21490725078702483 -0.0074501431549900748 0.041954412874613545 0.0052029280876333172 0.28413880289645038 0.14551103741469687 -0.15845317842220191 0.032389339180300923 0.11686454751452054 0.029424782362694555 -0.15784008336571681 -0.19533289682213578 0.15031807501416522 0.15795292258872962 -0.12784013474644296 -0.015915127929112032 0.025909163878727659 0.10306522088571114 -0.14176783346782509 -0.15152958744235992 -0.030027452363515277 0.025811911315645458 -0.12212096781556893 -0.024885297298620934 -0.18945415894474607 0.041390562947203689 0.036768971731230046 -0.28481244221144059 0.16583559372064152 0.0277871145257968 0.0023183050395541686
 -0.0086790949217013039 0.069497769098187459 -0.38915768992923094 0.49653056464728851 -0.54394623966217714 -0.55110450741532435 0.65515178688208398 -0.01935034520349891 0.094798972428374206 0.0079871723421982236 0.90151788688744183 0.42883471687458669 -0.49935912005986177 0.10220127836573113 0.34407652981244463 0.074578061404595053 -0.502431396463633 -0.58421592478537487 0.47277629456704667 0.47016312241738273 -0.39433337731610008 -0.012619421421776389 0.056814362232630852 0.29579521295391931 -0.40780285875241162 -0.43539340811133909 -0.090301895333781537 0.089894979922894497 -0.39131515425435215 -0.046878536380488382 -0.55675432338942155 0.071458104248480911 0.11483332588371395 -0.91673739099180496 0.47561665188437091 0.11731249909112822 0.031230469801051538
 -0.025565197362965624 0.10581636434451963 -0.5342752161703348 0.6677647976349258 -0.74551384444316082 -0.74616793643454959 0.89889960310848438 -0.022999835892060901 0.11285375261949877 0.0090877046867742801 1.2231736370718995 0.57955455853025828 -0.66911673291420515 0.13430748543555407 0.47780842250573469 0.086947964578980116 -0.68085933834776868 -0.79583784150700998 0.6459537955672231 0.64714275535495236 -0.54160526018434962 -0.0069036325086381392 0.081983548649703558 0.39013468759403375 -0.56862007728702135 -0.59696561560709449 -0.14397808304442594 0.12204484451551265 -0.53647665134493794 -0.063484900538703704 -0.74318387025459309 0.094090548145972508 0.14852559296211867 -1.2441875140199063 0.65516721764732677 0.16948483943565784 0.053806694292196519
 0.012432755918175872 -0.057777115766321191 0.28104217040304313 -0.36088322493389852 0.40475859258106683 0.39122534989207308 -0.48939390625266421 0.0038886015414952408 -0.06989903498293816 -0.0078311284488479429 -0.69445808051343638 -0.30001383423110778 0.36494032989763614 -0.073379953727873828 -0.24646487136632131 -0.04795814162884024 0.37531939020486588 0.42677741460827595 -0.35259382936527583 -0.33015946769409393 0.28502879047182672 -0.0015819247881811722 -0.037356434606503099 -0.22062209834565963 0.28271622287130987 0.31391351342450263 0.070867088444304685 -0.065473873990709933 0.2831651742231332 0.022899822273255498 0.38700283620949222 -0.054171451997799394 -0.075853182000113067 0.68595092561692195 -0.34583510074381923 -0.080118463766415876 -0.023114358574454132
 0.031901162649507424 -0.086820442059812694 0.55134958820845303 -0.68476020211197031 0.77407189948682886 0.74954628771346155 -0.92931018383009689 0.027865547571969757 -0.11724061844798775 -0.011915826712313598 -1.2511474102696818 -0.59071283299534882 0.70354045143919519 -0.13120363814468505 -0.4838299612876808 -0.10233701092166307 0.6926005152130027 0.81347360256127654 -0.66800680199448048 -0.67010218012458733 0.57159746425614932 -0.0009788507157048158 -0.087117221084908242 -0.40333323333959498 0.58806069724510079 0.60341187495307713 0.16029277199475495 -0.13405399612883109 0.55158263677715313 0.069644743447675142 0.7471641951881397 -0.089973443785858059 -0.14210488180572936 1.2686530637240445 -0.66824823498199304 -0.18051730908196156 -0.070358448112575078
 -0.021458817196979167 0.0940169566306297 -0.50907429082286859 0.64102852013158262 -0.72148413622298013 -0.72394820652149605 0.86513567878383468 -0.026657247325950328 0.1108542389260143 0.0043604224767990292 1.173917909489236 0.56322316262851935 -0.64920398229598086 0.13433159611201911 0.46063424627847027 0.08806448899003598 -0.65860315568292671 -0.76414132648231692 0.62365131816599295 0.62499719376116103 -0.52402620263813682 -0.0034714222512302797 0.08094003298982845 0.38662278438671527 -0.55178220031400815 -0.5683987394881822 -0.13800716347897488 0.123610020883307 -0.52074514457652721 -0.058817891252898283 -0.71690545931678928 0.087861661868789617 0.12793945151551223 -1.1978087754382465 0.62240443504013332 0.16844855725283117 0.050773982024537347
 0.015639441264872721 -0.067158450663325792 0.40867693653878107 -0.50204330883945558 0.56601388241502859 0.55292010403246139 -0.68497112529101767 0.013292917249103921 -0.087061474992180657 -0.0024420181937845047 -0.9586414908466292 -0.43105373323300017 0.50286756237591912 -0.096850251378408372 -0.33932423205823564 -0.071705255576857446 0.52249361644268388 0.5959679333065061 -0.49171356366685426 -0.47199641230874584 0.39868378175210439 0.0056251233127264863 -0.067365471200036206 -0.30507479102996504 0.40861493079617933 0.44369929627150784 0.096141984026525171 -0.09430558497400969 0.40239697286108139 0.045600525917202477 0.54133846181296097 -0.081663245097671006 -0.11083073067397224 0.95651511850570592 -0.4859889301079397 -0.10979507257830853 -0.040580845178038505
 -0.048322107435596534 0.024188003080609186 -0.0018748239992913253 0.025156748818100327 -0.01352239312368286 -0.077072988428289954 0.042898116994783859 -6.6395676338575765e-06 0.022666021136675554 -0.015467336386972922 0.063518683035280077 0.034467212331159118 -0.045867621047355644 0.020332417698862237 0.016314535505122092 -0.0023318691274045776 -0.045562421847452593 -0.04373565461141303 0.023277599892060217 0.03826750653685887 -0.026571362196811912 -0.032587156002532126 -0.0040333793666919313 0.016754903196168555 -0.033570486356972712 -0.056489477745862327 0.020273943268160208 -0.02755335209107437 -0.008817786463764651 -0.018486631460007851 -0.072937101560555162 0.02679397852191032 0.020122490248216402 -0.075284731159328239 0.038184663488186513 -0.018671892985958262 -0.031817040965433377
 -0.032797995534586295 -0.03896787974643974 0.247275529245123 -0.31140641394777135 0.35341088385776642 0.35141976509136053 -0.43390056198225119 0.0026808387834707016 -0.047392602007103282 -0.0028245313755448516 -0.60455080874789124 -0.26040835568978171 0.31841278944320345 -0.05253992527505838 -0.20221410784922342 -0.045173190460491008 0.31967832835317334 0.37524041877789605 -0.30364917751975279 -0.29536272921329398 0.25365021021037015 -0.0063299579455141581 -0.030041300513861828 -0.19191987597964288 0.24924253206985361 0.27263318950785237 0.054517905591255453 -0.058457006087112726 0.25509449089593322 0.01989906832124826 0.33442572914047958 -0.044004315970915878 -0.066533341307542335 0.6018127037528056 -0.28993708958782893 -0.069139677774757255 -0.023367442102393512
 -0.032484364560685916 -0.052383051940527878 0.20904661098058594 -0.2643755605504487 0.29944662648858916 0.31468013921814852 -0.37033447246729895 0.0055160728420991087 -0.048848645905932589 0.00064178009254897749 -0.54570059215846478 -0.2322961551566006 0.27187884602949935 -0.052046321477062861 -0.17036159475283683 -0.035644895148220015 0.27840796127417516 0.32464135051079346 -0.2683892666614473 -0.25171057347280473 0.20792993886144728 0.014706394335753891 -0.038436958399171675 -0.16162840934577727 0.21256152732276409 0.25603088633798371 0.03181604413249442 -0.02999134382715226 0.20298942409621559 0.017228399370100934 0.30154002830269433 -0.049260550825416242 -0.061057335294463728 0.52610847189817866 -0.25420671753374635 -0.043470001178115475 -0.012449494395609268
