# Created by Octave 5.2.0, Sat Aug 07 00:37:01 2021 +0430 <amin@amin-N552VW>
# name: Theta1
# type: matrix
# rows: 18
# columns: 10
 -0.10839664943410138 0.53867219096365326 -0.6762729101547782 0.25074127572329491 -0.55477525536750227 1.269365264475447 -0.60340122136603425 0.27098622009681228 -0.60915659526092825 0.55626962791311363
 0.78440941194491676 -0.84130479854629625 -0.61757663392094253 -0.77402626647438411 -0.8026837019166585 -1.6496889659265572 -0.82520621349602274 -1.1950721520597909 -0.86104422757588273 -1.0722536261672235
 -0.17637469212467044 0.21569473317763491 0.11744830196068923 0.27440656118882883 0.07984267498334173 0.23751128545355754 0.09572871289340372 0.20341684784935313 0.12504732604174271 0.16697880520335118
 -0.35142315362628129 -1.4052413367440897 -0.014153862999650817 -1.4054855652505855 -1.0665960021841827 -1.2434633279266085 -1.1392005217525691 -0.69333301166394079 -1.4841656517105772 -0.58127408021930427
 0.43891341735065337 -0.090312788598674726 -0.79759698154223524 -0.34987523643239776 -0.62902073436530881 0.29871428091335384 -0.69096362692618407 -0.30545820349103531 -0.7096768657076622 -0.01649913670251333
 0.18940447328658525 1.5376386182160477 1.665042000925917 0.44072545596963969 0.70628481024813061 1.5414341171000525 1.6769547470744683 1.7008857122009609 0.71172726053402224 1.5355965798220255
 -0.14246892208000916 0.92656074591867454 -1.0012367694129047 0.96641623861409043 -1.0350199351368612 1.9108953022755522 -0.99132225339003177 0.91914941297868014 -0.95681811461039012 0.94846351765671444
 -0.059216612981575309 -0.038240868258837116 0.34117639572636937 0.072025729987119688 0.34872835310184175 -0.22372464158772443 0.35317062363736462 -0.035230104560067879 0.35400255765711702 -0.037609746486070968
 -0.18297107331131274 0.26462204181270171 0.11624073295034151 0.26059646702610462 0.080451349215717768 0.30093804403380614 0.18628654666837241 0.23590728381419104 0.15316660118002212 0.15968901642018182
 -0.069109989691327728 1.9799927775864219 1.3705193276010719 1.2589702741253137 0.22147087724787759 1.651487559974943 1.6505061166265114 2.0167041095002531 1.6043951467033504 0.72791134994260109
 -0.31117703092551513 -1.6047317838536239 0.24682607449208213 -1.6178159051951442 -1.0446273600892928 -1.13771315378427 -1.0025907871685167 -0.45175344492115044 -0.84510312045464309 -0.51629760391664903
 -0.20598803094586754 0.15894458964341557 0.69351710575829273 0.082258937345754859 0.89204440151827646 -0.64645397310245989 0.909900612089663 -0.022393027954642698 0.63447433196359015 0.0909824188519823
 0.37748891556735625 -0.65528699743137619 -1.1044426983590141 -0.066576739017290623 -0.92576828141425815 0.44433922009183319 -0.92505010243075747 0.069658848973162518 -1.0470399587767094 -0.58841237154583759
 0.34598068089269257 0.44841305801060471 0.68110690844032418 1.2064774596402295 0.89610741218344803 0.84037613287764257 -0.22021910714305443 0.30239672453156385 0.70366916242656685 1.126595738204526
 -0.16156624840220962 0.71001028084171847 0.54581350625826619 0.26722895823034237 0.10192234831554141 0.69986055409322889 0.49844497991108894 0.69869686094192884 0.24233917980469027 0.43671579734870658
 0.28428102391937621 0.65951035582434214 1.1169361139704437 1.6392462261617722 1.1366555433939487 1.4107526384611022 -0.17606266065578291 0.54537452384112961 1.2135117292471844 1.7046620182717114
 0.21413894422139323 0.48312858418088112 1.1118343218558855 1.3564789289591055 1.366641258912358 1.130647926795189 0.092811676824159237 0.77372612046961964 0.84922355676846539 1.2983224356627621
 -0.15251829341578871 -0.52987265666680283 -1.4016923329273614 -0.9987580912029228 -1.3884838842376077 -1.3689872994172607 -1.16214858551197 -1.8017355772318406 0.071913686462844614 -1.7160210169865815


