# Created by Octave 5.2.0, Sat Aug 21 15:07:17 2021 +0430 <amin@amin-N552VW>
# name: X_test
# type: matrix
# rows: 371
# columns: 9
 -1 0 -1 1 0 -1 1 1 1
 -1 0 0 1 -1 1 -1 1 -1
 -1 0 0 -1 1 0 -1 1 1
 -1 1 1 -1 0 0 -1 1 0
 1 -1 1 0 -1 -1 1 -1 1
 1 1 1 0 -1 1 0 -1 -1
 1 1 1 1 -1 -1 -1 0 0
 -1 -1 -1 -1 1 0 1 0 1
 -1 1 -1 0 1 1 0 1 -1
 0 0 -1 0 -1 1 -1 0 1
 0 1 -1 -1 1 -1 0 1 0
 -1 -1 0 0 -1 1 1 1 -1
 1 1 -1 0 -1 0 -1 1 0
 0 1 0 1 -1 1 -1 -1 -1
 0 1 0 0 0 1 -1 -1 -1
 0 1 1 1 -1 1 -1 -1 -1
 1 -1 0 1 -1 0 -1 -1 1
 1 -1 -1 1 1 -1 1 -1 0
 1 1 1 0 -1 0 0 -1 -1
 -1 -1 1 0 1 0 1 -1 1
 0 -1 0 1 1 1 0 0 -1
 -1 1 -1 0 -1 -1 1 1 1
 -1 1 -1 -1 -1 1 1 1 1
 -1 0 -1 0 -1 1 -1 1 1
 -1 -1 1 0 1 0 1 0 -1
 0 -1 -1 1 -1 1 -1 0 1
 1 1 0 -1 -1 -1 1 1 -1
 1 -1 0 1 -1 1 -1 -1 0
 0 -1 1 -1 0 1 1 -1 1
 -1 0 -1 0 0 -1 1 1 1
 -1 -1 0 1 1 1 -1 1 0
 -1 0 0 1 1 1 -1 -1 0
 1 1 1 -1 1 -1 0 -1 0
 0 1 1 -1 -1 -1 1 0 -1
 0 0 0 1 1 0 -1 -1 -1
 1 1 1 -1 0 0 0 -1 -1
 0 1 0 -1 1 0 -1 1 -1
 -1 1 1 -1 -1 -1 1 1 -1
 -1 1 1 -1 1 0 1 -1 -1
 1 -1 1 -1 1 1 -1 -1 -1
 0 -1 -1 1 1 1 -1 -1 1
 1 0 -1 1 0 -1 1 -1 1
 0 -1 1 0 -1 1 1 -1 -1
 1 -1 1 1 1 -1 -1 -1 -1
 1 0 1 1 -1 1 -1 -1 -1
 1 -1 -1 1 0 -1 0 1 -1
 -1 -1 0 1 1 1 0 1 -1
 -1 -1 1 0 -1 1 1 1 -1
 -1 1 1 -1 1 1 -1 -1 -1
 1 -1 0 -1 1 -1 1 0 1
 1 -1 -1 1 1 1 0 -1 0
 1 0 -1 0 1 1 -1 -1 -1
 -1 0 -1 1 -1 1 1 1 -1
 0 0 1 -1 1 0 1 -1 0
 -1 0 0 1 -1 0 1 0 -1
 1 0 -1 1 -1 0 -1 0 1
 -1 -1 1 1 1 0 1 -1 0
 -1 -1 0 -1 1 0 1 1 1
 -1 -1 0 1 -1 0 1 1 1
 1 1 1 0 -1 0 -1 -1 1
 0 -1 0 1 -1 1 1 -1 -1
 0 -1 0 -1 0 -1 1 1 1
 -1 1 1 1 -1 -1 0 1 -1
 1 0 0 1 0 0 -1 -1 -1
 -1 1 1 1 -1 -1 -1 1 1
 1 -1 -1 0 -1 1 1 -1 0
 1 0 -1 1 0 -1 0 1 -1
 0 0 1 -1 -1 1 0 0 1
 -1 0 -1 1 1 1 1 -1 0
 -1 1 1 0 -1 0 1 0 -1
 1 0 1 1 -1 0 -1 -1 -1
 -1 0 1 -1 0 0 -1 0 1
 1 -1 0 1 -1 1 0 -1 -1
 -1 1 0 0 -1 -1 1 1 1
 1 -1 0 -1 -1 0 1 -1 1
 1 -1 -1 1 1 1 -1 0 0
 1 1 -1 -1 1 -1 0 -1 1
 0 -1 1 -1 1 0 1 0 0
 0 0 1 -1 1 -1 1 -1 1
 -1 0 -1 1 1 1 -1 0 1
 -1 1 0 -1 1 1 -1 -1 1
 -1 -1 1 -1 1 0 1 1 0
 1 1 1 0 0 -1 0 0 -1
 1 1 1 0 0 -1 -1 1 -1
 -1 -1 -1 0 1 0 0 1 1
 0 1 -1 -1 1 0 -1 1 1
 1 -1 -1 1 -1 0 1 1 -1
 1 0 -1 1 1 -1 -1 -1 1
 -1 -1 -1 1 0 1 0 0 0
 1 -1 0 1 1 -1 -1 0 1
 1 1 0 -1 -1 -1 0 0 0
 -1 0 1 1 1 0 -1 -1 -1
 1 -1 0 1 1 -1 0 -1 1
 0 -1 -1 1 1 1 0 -1 0
 0 0 -1 1 1 -1 1 0 -1
 1 0 0 1 -1 0 1 -1 0
 1 -1 -1 1 -1 1 -1 0 0
 1 -1 -1 1 1 -1 -1 1 -1
 -1 1 0 -1 -1 0 -1 1 1
 -1 1 1 -1 -1 -1 0 0 1
 1 0 -1 1 1 -1 0 -1 -1
 -1 -1 0 1 1 1 0 0 0
 -1 -1 1 0 0 -1 1 1 1
 -1 0 0 -1 1 0 -1 1 0
 -1 -1 -1 1 1 -1 1 1 -1
 1 1 -1 1 1 0 -1 -1 -1
 -1 1 -1 1 -1 0 -1 0 1
 1 0 0 1 0 0 1 -1 -1
 -1 -1 0 -1 1 0 -1 1 1
 -1 -1 1 0 -1 1 1 0 -1
 -1 0 0 1 -1 -1 1 1 -1
 0 1 -1 1 -1 0 -1 1 -1
 -1 -1 -1 0 0 0 1 1 0
 -1 1 1 -1 -1 1 -1 1 -1
 1 1 1 -1 -1 0 -1 -1 1
 -1 -1 -1 0 0 1 1 0 1
 0 -1 0 1 -1 -1 1 1 1
 1 -1 0 -1 1 0 -1 0 1
 0 -1 1 1 1 -1 1 -1 0
 0 1 0 -1 -1 -1 0 1 0
 1 -1 0 1 0 -1 1 0 0
 -1 -1 1 0 0 1 0 0 1
 -1 -1 1 1 1 0 1 0 -1
 -1 0 0 -1 -1 1 -1 1 1
 -1 -1 0 -1 1 1 -1 0 1
 -1 1 -1 0 1 -1 1 1 0
 0 -1 1 -1 -1 1 0 1 1
 1 1 1 -1 1 0 -1 0 -1
 -1 1 1 0 -1 1 -1 0 -1
 -1 0 -1 1 1 1 0 -1 1
 1 0 -1 0 -1 1 -1 -1 1
 0 -1 -1 0 -1 1 -1 1 1
 -1 1 -1 -1 1 1 1 -1 -1
 0 0 -1 1 -1 1 -1 1 -1
 1 1 -1 -1 -1 -1 1 0 0
 1 -1 -1 -1 -1 1 -1 1 1
 1 -1 -1 0 -1 1 0 -1 1
 0 1 1 -1 -1 -1 0 1 -1
 -1 0 1 -1 1 0 -1 1 -1
 1 1 1 -1 0 -1 -1 1 -1
 1 1 1 0 0 -1 -1 0 -1
 1 -1 -1 0 1 -1 0 1 1
 0 -1 0 -1 1 -1 1 1 1
 -1 -1 -1 -1 1 1 1 1 0
 1 1 1 0 -1 -1 1 -1 -1
 1 -1 1 1 0 -1 1 0 -1
 1 1 1 0 1 -1 -1 -1 0
 -1 1 1 1 -1 1 -1 0 -1
 1 -1 1 0 -1 -1 0 -1 1
 1 0 -1 0 1 -1 0 1 -1
 0 1 -1 0 -1 0 -1 1 0
 -1 1 1 1 -1 1 0 -1 -1
 -1 -1 0 1 -1 0 1 1 -1
 -1 1 -1 -1 -1 1 1 1 -1
 0 -1 -1 1 0 -1 1 1 1
 1 1 -1 0 -1 0 -1 0 1
 1 -1 -1 1 -1 -1 1 1 1
 -1 1 1 1 -1 -1 -1 -1 1
 1 -1 -1 0 -1 1 1 -1 1
 1 1 -1 1 0 -1 0 -1 -1
 -1 1 1 -1 1 -1 -1 -1 1
 -1 -1 1 1 1 -1 1 1 -1
 -1 0 1 -1 -1 -1 0 1 1
 -1 1 -1 1 -1 1 -1 0 1
 -1 -1 0 1 -1 1 0 -1 1
 -1 -1 0 1 1 1 -1 -1 1
 -1 -1 1 1 -1 -1 -1 1 1
 1 0 0 1 0 -1 1 -1 0
 1 -1 1 -1 -1 1 -1 1 1
 -1 -1 -1 1 1 0 0 1 0
 1 -1 1 1 -1 -1 -1 1 1
 0 -1 1 0 1 0 1 0 -1
 -1 -1 -1 1 0 1 1 -1 0
 1 1 -1 -1 -1 1 -1 -1 1
 1 1 -1 1 -1 0 -1 0 0
 0 1 0 -1 1 1 -1 -1 -1
 -1 0 0 -1 0 -1 1 1 1
 1 -1 1 1 -1 -1 0 -1 1
 0 0 1 -1 -1 1 -1 0 1
 0 0 1 -1 -1 1 0 -1 1
 1 1 1 -1 -1 0 -1 0 0
 1 -1 -1 1 1 -1 -1 0 1
 1 1 -1 1 -1 -1 -1 0 1
 1 -1 0 0 1 -1 0 -1 1
 -1 1 0 1 1 1 -1 0 -1
 1 -1 1 1 0 1 -1 -1 -1
 -1 1 0 0 1 1 -1 -1 -1
 0 -1 1 -1 1 -1 1 1 -1
 -1 -1 -1 1 0 0 0 1 1
 1 0 0 -1 -1 -1 0 0 1
 -1 -1 1 1 -1 -1 1 -1 1
 0 1 -1 1 0 -1 1 -1 -1
 1 -1 0 0 -1 0 1 -1 1
 0 1 -1 -1 1 1 -1 1 -1
 1 0 -1 1 0 1 -1 -1 -1
 -1 1 -1 1 1 0 -1 1 -1
 -1 1 0 1 -1 1 0 -1 -1
 0 -1 -1 1 -1 1 -1 1 1
 -1 1 1 0 0 1 -1 -1 1
 0 1 -1 -1 1 0 1 1 -1
 -1 1 0 1 -1 1 1 -1 -1
 -1 -1 1 -1 1 0 1 -1 1
 1 0 0 1 -1 0 1 0 -1
 1 1 -1 0 1 -1 1 -1 -1
 1 1 1 -1 0 0 -1 0 -1
 0 0 1 0 -1 1 -1 -1 1
 -1 0 1 -1 1 0 -1 0 1
 1 1 -1 -1 1 -1 1 0 -1
 0 0 1 1 1 -1 1 -1 -1
 1 1 -1 -1 1 1 -1 -1 -1
 -1 -1 -1 -1 1 1 0 1 1
 0 0 -1 1 -1 1 -1 0 1
 0 -1 1 -1 1 1 1 0 -1
 -1 -1 -1 0 0 0 1 0 1
 0 -1 1 1 1 -1 1 -1 -1
 1 1 1 -1 -1 0 -1 1 -1
 -1 1 0 -1 1 -1 1 1 0
 0 -1 -1 1 -1 0 -1 1 1
 1 1 -1 1 -1 -1 0 1 -1
 -1 -1 1 -1 1 1 1 1 -1
 0 -1 1 1 1 -1 1 0 -1
 -1 -1 1 1 1 1 0 0 -1
 -1 -1 -1 1 0 -1 1 1 0
 1 1 1 0 0 -1 0 -1 0
 -1 1 1 0 1 1 -1 -1 -1
 0 0 1 -1 0 1 -1 0 1
 -1 -1 -1 1 -1 1 1 1 -1
 -1 1 1 -1 -1 -1 1 0 1
 0 -1 1 -1 1 -1 1 1 0
 1 -1 1 1 -1 0 0 -1 -1
 -1 0 0 -1 1 1 -1 1 0
 0 0 -1 1 -1 0 -1 1 0
 1 -1 0 1 -1 0 1 0 -1
 -1 1 -1 0 1 0 0 1 -1
 1 -1 -1 -1 1 -1 1 1 -1
 0 0 -1 0 1 -1 0 1 -1
 0 0 -1 1 1 1 -1 -1 1
 -1 1 1 -1 -1 0 -1 1 0
 1 1 -1 0 -1 1 -1 0 -1
 1 0 -1 1 -1 0 -1 -1 1
 -1 -1 0 1 1 1 -1 1 -1
 1 -1 1 -1 1 1 1 -1 -1
 1 -1 0 -1 1 -1 0 1 1
 -1 -1 -1 0 1 1 0 0 0
 1 0 -1 0 1 -1 1 0 -1
 -1 -1 -1 1 -1 1 1 -1 1
 1 0 0 1 -1 1 1 -1 -1
 -1 -1 1 1 1 -1 -1 1 -1
 1 0 -1 -1 1 1 -1 -1 1
 -1 1 0 -1 -1 1 -1 0 1
 0 1 -1 1 1 -1 -1 1 0
 -1 0 0 -1 1 1 -1 1 -1
 1 0 -1 1 -1 1 -1 1 -1
 -1 1 1 0 -1 1 -1 -1 1
 -1 -1 -1 0 1 0 -1 1 1
 -1 -1 1 0 -1 1 0 1 1
 -1 0 -1 -1 1 0 1 1 1
 1 1 -1 0 1 -1 0 -1 1
 -1 0 1 0 -1 0 0 1 -1
 1 -1 1 -1 1 -1 1 1 -1
 -1 -1 1 -1 -1 1 1 0 1
 -1 1 -1 0 1 0 -1 1 1
 -1 -1 -1 0 1 0 1 1 -1
 1 1 -1 -1 -1 0 -1 1 0
 0 -1 0 0 -1 0 1 -1 1
 1 1 1 -1 0 -1 1 -1 -1
 0 0 -1 -1 1 -1 1 1 -1
 -1 -1 -1 1 1 0 1 -1 0
 0 1 -1 -1 -1 1 -1 0 1
 0 1 -1 -1 1 -1 -1 1 1
 -1 1 -1 0 1 -1 0 1 1
 -1 -1 1 -1 0 -1 1 1 1
 -1 0 -1 1 1 1 0 0 -1
 -1 0 1 1 1 -1 1 -1 -1
 1 1 -1 -1 -1 1 1 1 -1
 -1 -1 -1 1 1 0 1 1 -1
 0 -1 -1 0 1 -1 1 1 -1
 -1 -1 -1 1 1 0 1 -1 1
 -1 0 1 1 -1 0 -1 1 -1
 1 0 -1 -1 1 -1 0 0 1
 1 -1 1 0 1 0 -1 -1 -1
 -1 -1 -1 0 1 -1 0 1 1
 -1 1 -1 1 -1 1 -1 1 -1
 1 1 1 0 1 -1 -1 0 -1
 0 0 -1 -1 0 0 1 1 1
 1 -1 0 1 -1 0 0 -1 1
 1 1 1 0 0 -1 0 -1 -1
 0 -1 1 0 1 1 -1 -1 1
 -1 1 0 -1 1 0 1 1 -1
 1 -1 0 -1 -1 0 1 1 1
 0 -1 -1 1 1 -1 1 0 -1
 1 1 -1 0 -1 0 -1 0 0
 -1 1 1 0 1 -1 -1 1 0
 -1 1 0 1 -1 0 1 0 -1
 1 -1 0 0 -1 1 1 -1 -1
 0 1 -1 -1 1 -1 0 1 1
 0 1 -1 0 -1 0 -1 0 1
 -1 1 -1 -1 1 -1 1 1 0
 1 0 -1 1 -1 0 1 0 0
 -1 -1 -1 1 0 1 0 1 -1
 -1 0 1 -1 1 -1 1 1 -1
 -1 -1 -1 1 1 -1 0 1 1
 -1 0 1 0 -1 1 1 -1 -1
 0 -1 -1 -1 -1 1 1 1 1
 0 0 -1 -1 -1 1 -1 1 1
 1 1 -1 -1 -1 -1 1 -1 1
 0 1 -1 0 0 -1 1 1 -1
 -1 0 1 -1 0 1 0 0 1
 0 0 -1 1 1 1 0 -1 0
 1 -1 -1 1 0 1 1 -1 -1
 -1 -1 -1 1 1 0 0 1 -1
 -1 1 0 -1 0 -1 1 1 1
 1 -1 0 1 -1 1 0 -1 0
 1 1 1 0 -1 -1 -1 0 0
 -1 1 -1 1 1 1 1 -1 -1
 -1 0 1 -1 1 1 1 0 -1
 -1 1 -1 1 -1 1 1 -1 1
 -1 -1 -1 -1 1 1 1 -1 1
 0 1 -1 1 1 1 -1 0 -1
 0 -1 1 1 -1 -1 1 -1 0
 1 1 -1 1 -1 -1 -1 0 0
 -1 -1 -1 0 1 1 0 0 1
 0 0 1 -1 -1 -1 1 1 0
 1 0 -1 1 -1 0 1 -1 1
 -1 1 1 -1 -1 1 -1 1 0
 -1 0 1 -1 1 1 -1 -1 0
 -1 -1 0 1 1 1 1 -1 0
 -1 -1 -1 1 -1 1 -1 1 1
 1 -1 1 -1 1 -1 1 -1 0
 0 1 -1 -1 0 -1 1 1 -1
 0 1 0 0 1 -1 0 1 -1
 0 1 0 -1 1 -1 -1 1 1
 1 1 -1 0 -1 1 -1 1 -1
 1 0 1 -1 -1 -1 1 0 -1
 -1 -1 1 0 1 -1 1 0 1
 1 -1 1 -1 -1 -1 1 1 0
 -1 -1 1 1 1 -1 -1 1 1
 1 -1 -1 1 -1 1 0 -1 1
 -1 1 0 0 1 -1 -1 1 0
 -1 -1 -1 1 0 -1 1 0 1
 -1 -1 -1 1 1 0 0 0 0
 -1 1 -1 1 -1 0 1 1 -1
 1 -1 1 -1 1 -1 0 -1 1
 -1 0 1 -1 1 -1 -1 1 1
 -1 1 -1 1 -1 1 -1 1 0
 1 -1 -1 1 -1 0 1 1 0
 1 1 -1 0 1 -1 -1 0 1
 1 1 1 -1 0 -1 0 -1 1
 1 -1 1 -1 -1 -1 0 0 1
