# Created by Octave 5.2.0, Fri Aug 20 12:36:49 2021 +0430 <amin@amin-N552VW>
# name: X_training
# type: matrix
# rows: 1117
# columns: 9
 0 0 1 0 1 1 -1 -1 -1
 -1 -1 0 0 0 0 1 1 1
 0 1 -1 1 -1 0 -1 0 0
 -1 0 1 0 -1 1 0 0 -1
 1 1 1 -1 -1 0 -1 1 -1
 1 0 -1 0 1 -1 0 -1 1
 1 0 -1 1 1 -1 -1 0 1
 1 -1 -1 1 -1 1 -1 1 -1
 -1 -1 1 0 1 1 1 0 -1
 -1 1 0 -1 1 1 -1 -1 0
 -1 0 0 -1 1 1 -1 0 0
 0 1 -1 0 -1 0 -1 1 1
 0 1 1 1 -1 1 -1 -1 -1
 -1 -1 1 1 1 -1 1 -1 0
 1 0 -1 1 0 -1 -1 1 -1
 -1 1 1 1 -1 -1 1 -1 -1
 0 -1 -1 0 -1 1 -1 1 1
 1 1 1 1 -1 -1 -1 -1 0
 -1 1 -1 1 -1 0 1 1 -1
 -1 0 0 0 -1 1 1 0 -1
 -1 1 0 -1 -1 0 -1 1 1
 1 -1 -1 1 1 1 0 -1 0
 0 -1 0 0 0 -1 1 1 1
 0 1 1 0 1 0 -1 -1 -1
 0 1 -1 -1 -1 -1 1 1 0
 -1 -1 0 -1 1 0 1 1 1
 1 1 0 -1 1 0 -1 -1 1
 -1 1 0 -1 0 -1 1 1 1
 0 -1 1 0 -1 1 1 -1 -1
 -1 1 0 -1 1 1 -1 0 -1
 -1 1 -1 1 1 1 0 -1 0
 0 1 -1 -1 1 0 -1 1 1
 -1 -1 -1 1 0 0 1 0 0
 0 0 -1 -1 -1 1 -1 1 1
 1 1 0 -1 1 0 -1 -1 -1
 0 1 0 -1 -1 -1 0 1 1
 1 1 -1 -1 -1 1 -1 1 -1
 1 0 1 -1 -1 -1 0 0 0
 -1 -1 1 0 0 1 -1 1 1
 1 -1 1 -1 0 1 0 -1 1
 -1 0 0 -1 -1 1 1 1 -1
 0 1 -1 0 1 -1 0 1 0
 1 0 -1 1 -1 -1 -1 1 1
 1 1 1 -1 -1 0 1 -1 0
 1 1 1 -1 1 -1 0 -1 -1
 -1 1 0 1 1 -1 -1 1 -1
 1 0 0 1 0 0 1 -1 -1
 1 -1 0 -1 1 -1 0 0 1
 0 1 -1 0 -1 1 -1 1 0
 -1 1 -1 0 1 0 -1 1 0
 1 -1 -1 -1 -1 1 1 -1 1
 -1 -1 1 1 1 0 1 -1 0
 -1 0 1 -1 -1 1 1 -1 1
 0 -1 1 1 1 0 -1 -1 -1
 1 -1 0 1 -1 0 0 -1 0
 -1 1 1 0 -1 0 1 0 -1
 1 -1 0 -1 1 -1 0 1 1
 1 -1 1 -1 -1 1 1 -1 -1
 1 -1 -1 1 0 0 1 0 -1
 -1 1 1 0 1 1 -1 -1 -1
 1 1 1 0 -1 -1 0 0 0
 1 -1 1 1 -1 -1 1 0 -1
 -1 1 -1 -1 1 1 1 -1 1
 1 -1 -1 1 1 -1 1 -1 0
 0 1 0 -1 -1 -1 0 0 1
 1 -1 0 -1 -1 1 1 -1 0
 0 0 1 -1 -1 1 -1 1 1
 1 0 0 1 1 0 -1 -1 -1
 1 -1 0 0 1 -1 0 0 1
 1 0 1 -1 -1 -1 -1 0 1
 1 1 -1 -1 1 0 0 -1 1
 0 1 0 -1 1 -1 -1 1 0
 -1 -1 -1 0 0 1 1 0 1
 -1 0 -1 -1 1 1 -1 0 1
 1 1 -1 1 -1 0 1 0 -1
 1 0 0 -1 1 0 0 -1 1
 -1 -1 0 1 1 1 0 0 0
 -1 1 1 -1 0 0 -1 0 0
 1 1 -1 0 0 -1 0 1 -1
 1 -1 1 0 1 0 -1 -1 -1
 1 0 -1 1 0 0 1 0 -1
 0 1 1 -1 1 -1 1 -1 0
 -1 0 -1 1 1 1 0 -1 1
 1 0 1 -1 -1 -1 1 -1 0
 -1 1 -1 -1 0 1 -1 0 1
 -1 -1 1 -1 1 0 1 -1 1
 -1 0 1 1 0 1 -1 -1 1
 0 -1 1 -1 1 0 1 -1 1
 1 0 0 -1 1 -1 1 -1 1
 0 1 1 -1 -1 -1 1 0 0
 -1 0 0 1 1 1 -1 -1 0
 -1 0 0 -1 1 1 -1 1 -1
 -1 1 1 0 -1 0 0 0 -1
 -1 0 -1 1 0 -1 1 1 -1
 1 1 -1 0 1 -1 -1 1 0
 0 -1 1 0 -1 0 0 -1 1
 1 -1 -1 0 -1 1 -1 1 0
 -1 -1 -1 1 1 0 0 1 0
 1 1 0 1 -1 -1 1 0 -1
 0 -1 -1 0 -1 0 1 1 1
 1 1 -1 -1 1 -1 0 -1 1
 -1 0 0 1 -1 1 0 0 -1
 0 0 1 -1 -1 -1 0 1 0
 1 1 1 -1 0 -1 -1 1 -1
 0 0 -1 1 -1 1 -1 1 0
 0 -1 1 1 -1 1 0 -1 -1
 1 1 -1 -1 -1 1 1 -1 1
 1 1 -1 1 0 -1 0 0 -1
 0 0 0 1 1 0 -1 -1 -1
 1 -1 0 -1 1 0 -1 1 1
 1 1 1 0 -1 -1 0 -1 1
 -1 -1 1 -1 -1 1 1 0 1
 -1 -1 -1 1 0 1 0 1 -1
 -1 1 1 -1 -1 0 -1 1 1
 1 -1 0 1 1 0 1 -1 -1
 1 0 -1 0 -1 1 -1 -1 1
 0 -1 1 -1 -1 -1 1 0 1
 1 0 -1 -1 1 -1 1 0 -1
 -1 -1 1 -1 0 0 1 1 1
 -1 -1 -1 1 0 0 1 1 -1
 1 0 1 -1 -1 -1 -1 1 0
 0 -1 1 -1 1 1 0 -1 1
 1 0 -1 -1 1 -1 1 0 1
 -1 -1 0 1 -1 1 1 -1 1
 1 1 1 1 0 -1 -1 -1 0
 -1 1 1 -1 0 0 -1 1 -1
 -1 1 1 0 1 0 -1 -1 -1
 -1 -1 -1 0 1 0 0 1 0
 -1 -1 -1 1 1 0 1 0 -1
 0 1 -1 1 1 -1 -1 1 0
 -1 -1 -1 0 1 0 1 -1 1
 1 -1 -1 -1 1 0 -1 1 1
 -1 0 1 -1 1 0 -1 -1 1
 -1 -1 -1 0 1 -1 1 0 1
 -1 0 -1 1 1 -1 1 1 -1
 -1 -1 -1 1 0 1 1 -1 1
 1 -1 -1 0 1 1 -1 0 1
 1 -1 1 1 0 1 -1 -1 -1
 -1 1 1 0 0 1 -1 -1 1
 1 -1 -1 1 0 -1 1 0 1
 -1 1 0 1 -1 -1 1 1 -1
 1 -1 -1 -1 0 0 1 1 1
 0 0 -1 0 -1 1 -1 0 1
 1 -1 1 1 -1 1 -1 1 -1
 -1 0 -1 1 1 1 1 0 -1
 1 -1 1 1 1 0 -1 -1 -1
 -1 0 0 -1 0 0 1 1 1
 0 1 -1 1 1 0 -1 -1 -1
 -1 -1 1 1 -1 -1 1 1 1
 1 1 1 0 -1 -1 -1 1 -1
 1 -1 0 0 -1 1 0 -1 0
 1 1 0 -1 -1 -1 0 1 0
 -1 1 -1 1 -1 -1 1 1 -1
 0 -1 -1 1 -1 0 1 -1 1
 0 0 0 -1 -1 -1 1 1 0
 1 0 0 0 1 -1 -1 -1 1
 -1 -1 -1 1 0 0 1 0 1
 -1 -1 1 0 -1 1 1 0 1
 1 -1 0 1 -1 -1 1 1 -1
 0 -1 0 -1 -1 1 1 1 1
 -1 1 1 -1 0 0 -1 0 1
 -1 -1 0 1 1 1 0 0 -1
 0 0 -1 1 1 1 0 0 -1
 0 -1 0 -1 -1 1 1 -1 1
 -1 -1 -1 0 1 1 0 -1 1
 1 -1 1 0 -1 0 1 -1 0
 0 1 -1 1 1 -1 -1 0 -1
 1 1 1 -1 -1 1 -1 -1 1
 1 -1 0 -1 1 -1 -1 1 1
 0 0 -1 0 0 -1 1 1 1
 -1 -1 -1 1 0 1 1 -1 0
 0 1 -1 0 -1 -1 1 1 -1
 1 1 -1 1 -1 -1 1 -1 1
 -1 1 1 -1 -1 -1 1 1 0
 1 1 1 0 -1 0 -1 -1 1
 -1 1 1 1 -1 -1 -1 1 -1
 1 1 1 -1 -1 1 -1 1 -1
 -1 -1 1 -1 1 0 -1 1 1
 1 1 -1 0 -1 -1 0 1 -1
 -1 -1 1 -1 0 1 1 -1 1
 -1 -1 1 1 1 -1 1 1 -1
 -1 0 1 0 -1 1 -1 0 1
 1 1 1 1 -1 -1 -1 1 -1
 -1 0 1 -1 -1 0 1 1 1
 -1 1 0 -1 -1 0 1 1 -1
 1 0 0 -1 -1 -1 1 0 1
 1 1 1 -1 1 -1 -1 -1 0
 -1 0 1 -1 -1 0 -1 1 1
 -1 1 -1 -1 1 -1 1 1 0
 0 -1 1 -1 -1 1 1 0 1
 0 0 1 -1 1 -1 1 0 0
 0 1 -1 0 -1 1 -1 0 1
 1 -1 -1 1 -1 -1 1 0 1
 0 1 -1 1 1 -1 1 -1 -1
 -1 -1 -1 1 0 0 0 1 0
 0 0 -1 1 1 -1 0 0 -1
 -1 0 1 0 -1 -1 1 1 1
 -1 1 0 1 -1 1 0 -1 -1
 -1 -1 1 0 -1 -1 1 1 1
 1 -1 1 1 -1 0 -1 -1 1
 1 1 1 -1 0 -1 1 -1 -1
 -1 0 1 -1 -1 0 1 1 -1
 1 0 -1 -1 1 0 -1 1 1
 -1 1 0 1 -1 1 -1 0 -1
 0 -1 0 1 1 1 1 -1 -1
 -1 -1 1 1 -1 0 1 1 -1
 1 1 1 1 0 -1 -1 0 -1
 1 0 1 -1 -1 -1 1 1 -1
 1 1 0 -1 1 -1 -1 1 0
 1 0 -1 -1 0 -1 1 1 1
 0 0 -1 1 -1 1 -1 0 1
 -1 1 0 1 -1 1 -1 1 -1
 0 -1 0 1 -1 1 -1 -1 1
 1 0 1 -1 -1 1 -1 0 1
 1 -1 1 -1 -1 1 1 1 -1
 -1 0 1 -1 1 1 1 -1 -1
 -1 0 1 -1 -1 -1 1 1 0
 1 0 -1 0 -1 1 -1 1 -1
 1 -1 0 -1 0 -1 1 1 1
 -1 -1 -1 1 -1 1 1 0 0
 1 -1 -1 -1 1 1 -1 0 1
 0 0 -1 1 1 -1 1 -1 -1
 1 1 1 -1 0 -1 -1 1 0
 -1 -1 0 1 -1 0 1 -1 1
 0 -1 1 0 -1 0 1 -1 0
 -1 1 1 0 -1 0 1 -1 -1
 -1 0 0 -1 -1 1 1 1 1
 1 1 -1 0 -1 0 -1 0 1
 -1 -1 -1 1 0 0 -1 1 1
 -1 -1 1 1 1 1 -1 -1 1
 -1 -1 -1 1 0 1 0 -1 1
 1 -1 0 1 1 -1 1 0 -1
 -1 1 0 0 1 -1 1 1 -1
 -1 1 1 1 -1 1 -1 -1 -1
 1 0 -1 1 0 0 1 -1 0
 -1 0 -1 1 1 1 1 -1 -1
 -1 1 1 -1 -1 1 0 0 1
 -1 -1 1 0 1 0 1 -1 1
 1 1 -1 -1 -1 -1 1 0 1
 -1 1 1 0 -1 1 1 -1 -1
 -1 1 0 0 1 0 -1 1 0
 -1 0 0 -1 0 0 -1 1 1
 -1 -1 1 0 1 1 0 -1 1
 -1 -1 -1 1 0 1 -1 1 0
 -1 1 1 -1 1 1 -1 -1 -1
 1 1 -1 1 1 -1 0 -1 -1
 1 1 -1 0 -1 1 -1 1 -1
 1 1 1 -1 1 -1 0 0 -1
 -1 1 0 1 1 0 -1 1 -1
 -1 1 1 -1 -1 0 0 1 -1
 -1 1 -1 -1 1 1 0 1 0
 -1 -1 -1 1 0 1 -1 0 1
 1 0 0 1 -1 -1 1 -1 1
 -1 1 1 -1 -1 1 -1 1 0
 -1 1 1 -1 -1 1 -1 0 0
 1 0 0 1 0 -1 1 0 -1
 -1 -1 1 0 0 1 -1 0 1
 0 1 1 -1 0 1 -1 -1 1
 0 0 -1 1 -1 0 -1 0 1
 -1 -1 1 -1 1 -1 -1 1 1
 0 -1 1 -1 0 1 -1 0 1
 -1 -1 1 -1 1 1 1 0 0
 1 0 1 -1 0 1 -1 -1 -1
 -1 0 -1 -1 1 1 -1 1 1
 1 1 -1 1 -1 1 -1 -1 -1
 0 1 -1 0 -1 1 -1 -1 1
 -1 -1 1 0 -1 1 1 -1 0
 -1 -1 1 1 -1 1 0 0 -1
 0 1 0 1 -1 1 -1 -1 -1
 1 -1 0 1 1 -1 0 -1 1
 1 1 -1 0 0 -1 1 0 -1
 -1 0 1 0 1 -1 1 0 -1
 -1 -1 -1 1 0 1 1 0 0
 1 1 0 1 0 -1 1 -1 -1
 1 -1 1 -1 1 -1 -1 0 1
 1 -1 1 -1 0 1 -1 0 1
 0 1 -1 1 -1 1 -1 1 -1
 1 -1 -1 1 1 1 -1 -1 1
 -1 -1 0 1 1 1 -1 -1 1
 1 0 0 -1 1 1 -1 -1 1
 -1 -1 1 -1 1 0 1 1 0
 1 0 0 1 -1 0 1 0 -1
 -1 0 1 -1 0 0 -1 0 1
 -1 -1 -1 0 1 1 1 0 -1
 1 1 -1 -1 -1 0 -1 1 1
 0 1 -1 1 0 1 -1 -1 -1
 -1 -1 0 1 1 1 1 0 -1
 -1 -1 1 0 1 1 -1 0 1
 1 1 1 0 -1 0 -1 0 0
 0 -1 1 -1 1 1 -1 0 1
 0 0 -1 -1 1 -1 1 1 1
 1 -1 1 -1 -1 1 -1 0 1
 -1 1 1 -1 0 1 -1 0 0
 0 -1 0 0 -1 -1 1 1 1
 1 -1 -1 1 -1 1 0 -1 0
 1 1 0 -1 -1 -1 0 1 -1
 0 0 -1 -1 -1 0 1 1 1
 -1 0 1 -1 1 0 -1 1 -1
 1 1 -1 1 0 -1 0 -1 -1
 1 1 -1 -1 0 -1 1 1 -1
 -1 -1 1 0 0 1 1 -1 1
 -1 1 -1 1 1 1 0 0 -1
 -1 0 1 1 1 1 0 -1 -1
 1 0 -1 -1 -1 1 -1 0 1
 -1 -1 -1 1 1 0 0 1 -1
 0 -1 0 1 -1 1 1 -1 -1
 1 -1 0 -1 1 0 0 -1 1
 0 -1 -1 1 1 -1 1 1 -1
 1 0 1 1 -1 1 -1 -1 -1
 1 0 -1 -1 -1 0 -1 1 1
 1 -1 -1 1 -1 0 1 0 1
 1 -1 -1 -1 1 1 0 0 1
 -1 -1 1 -1 1 -1 1 1 1
 0 1 1 1 -1 0 -1 -1 -1
 -1 1 -1 0 1 -1 0 1 0
 0 1 1 -1 1 0 -1 -1 -1
 -1 -1 1 1 1 1 -1 0 0
 1 0 -1 1 0 -1 1 0 0
 1 -1 1 -1 1 0 -1 0 1
 1 1 -1 -1 -1 0 -1 1 0
 1 0 -1 1 -1 0 1 -1 1
 1 -1 0 -1 1 1 -1 0 1
 -1 -1 1 -1 1 1 1 -1 1
 -1 1 0 0 1 0 -1 1 -1
 -1 1 1 0 0 1 -1 -1 -1
 0 1 0 0 1 -1 -1 1 -1
 1 1 1 0 1 -1 0 -1 -1
 1 -1 1 -1 1 -1 1 0 0
 0 1 -1 -1 -1 -1 0 1 1
 -1 1 -1 0 -1 1 -1 0 1
 1 1 1 -1 0 1 0 -1 -1
 1 1 -1 0 0 -1 1 -1 -1
 0 1 -1 1 0 -1 1 -1 -1
 -1 -1 -1 1 0 -1 1 0 1
 1 1 1 -1 0 -1 -1 -1 1
 -1 -1 1 -1 1 1 0 -1 1
 0 0 1 -1 -1 1 0 -1 1
 1 0 -1 0 1 -1 0 0 -1
 1 1 -1 -1 -1 1 -1 0 1
 -1 -1 -1 -1 1 0 1 1 0
 -1 -1 0 1 -1 1 0 -1 1
 -1 -1 -1 1 -1 1 0 1 1
 0 -1 -1 -1 0 1 1 1 1
 1 -1 -1 1 1 0 0 -1 1
 -1 -1 -1 1 -1 0 0 1 1
 1 -1 1 -1 0 1 -1 -1 1
 1 0 -1 0 1 -1 -1 1 -1
 1 0 -1 0 1 -1 1 -1 1
 0 1 1 -1 1 -1 -1 1 -1
