# Created by Octave 5.2.0, Fri Aug 06 18:47:38 2021 +0430 <amin@amin-N552VW>
# name: y
# type: matrix
# rows: 940
# columns: 1
 1
 0
 1
 1
 1
 1
 0
 1
 1
 1
 0
 0
 0
 1
 1
 1
 1
 1
 1
 0
 1
 0
 1
 1
 0
 0
 0
 0
 1
 1
 1
 1
 0
 1
 1
 1
 1
 0
 1
 0
 1
 1
 1
 1
 1
 1
 1
 1
 1
 1
 0
 1
 1
 0
 1
 1
 0
 0
 0
 1
 1
 1
 0
 1
 0
 1
 1
 1
 0
 1
 1
 0
 1
 1
 1
 1
 1
 0
 0
 1
 1
 1
 0
 0
 1
 0
 1
 0
 1
 1
 1
 0
 1
 1
 1
 0
 0
 1
 1
 0
 1
 1
 1
 1
 0
 1
 1
 1
 0
 1
 1
 1
 1
 0
 1
 1
 0
 0
 0
 1
 1
 0
 1
 0
 1
 0
 1
 0
 1
 0
 1
 1
 1
 1
 0
 1
 0
 0
 1
 0
 1
 0
 0
 0
 1
 1
 1
 1
 0
 1
 0
 1
 1
 1
 0
 0
 1
 1
 0
 0
 0
 0
 1
 1
 1
 1
 1
 1
 1
 0
 1
 0
 0
 1
 1
 0
 0
 0
 1
 0
 1
 1
 1
 1
 1
 0
 1
 1
 1
 1
 1
 0
 1
 1
 1
 1
 1
 1
 1
 0
 1
 0
 0
 1
 0
 1
 1
 1
 0
 0
 1
 1
 1
 0
 1
 1
 0
 1
 0
 0
 0
 0
 1
 0
 1
 0
 1
 0
 1
 1
 1
 0
 0
 1
 1
 1
 1
 1
 1
 0
 1
 0
 0
 1
 1
 1
 1
 0
 0
 0
 0
 0
 0
 0
 1
 1
 1
 0
 1
 1
 1
 0
 0
 0
 1
 0
 1
 1
 1
 1
 1
 0
 0
 1
 0
 0
 1
 0
 1
 1
 0
 0
 0
 0
 0
 0
 1
 1
 1
 1
 1
 1
 1
 1
 1
 1
 0
 1
 0
 1
 0
 1
 1
 0
 0
 1
 1
 1
 1
 1
 0
 1
 1
 1
 1
 0
 1
 0
 0
 1
 1
 1
 0
 1
 1
 1
 1
 0
 1
 1
 1
 0
 1
 1
 1
 1
 1
 1
 1
 0
 1
 1
 1
 0
 1
 0
 1
 1
 1
 1
 1
 1
 0
 0
 0
 0
 1
 1
 1
 0
 0
 0
 1
 1
 1
 1
 1
 1
 1
 0
 0
 1
 0
 1
 1
 1
 1
 1
 1
 1
 1
 1
 1
 1
 0
 1
 1
 1
 0
 1
 1
 1
 1
 0
 0
 0
 1
 1
 0
 0
 1
 0
 1
 1
 1
 1
 1
 1
 0
 1
 0
 1
 0
 1
 1
 1
 1
 1
 0
 1
 0
 1
 0
 1
 0
 1
 0
 0
 1
 1
 1
 1
 1
 0
 0
 1
 1
 0
 0
 1
 0
 0
 1
 1
 1
 1
 0
 1
 0
 1
 1
 0
 1
 1
 1
 1
 1
 1
 1
 1
 1
 1
 1
 1
 1
 1
 1
 0
 0
 1
 1
 1
 1
 0
 1
 1
 1
 1
 1
 1
 1
 1
 0
 0
 0
 1
 1
 1
 1
 1
 0
 0
 1
 0
 0
 1
 0
 0
 1
 1
 1
 0
 0
 1
 1
 1
 1
 1
 1
 0
 1
 0
 0
 1
 0
 1
 0
 1
 1
 0
 1
 0
 1
 1
 1
 0
 0
 1
 0
 1
 1
 1
 0
 0
 1
 1
 1
 0
 1
 1
 1
 0
 0
 1
 0
 1
 1
 0
 0
 1
 1
 0
 0
 1
 0
 0
 1
 0
 1
 1
 1
 0
 1
 1
 0
 0
 1
 1
 0
 1
 1
 0
 0
 0
 1
 0
 0
 1
 1
 1
 1
 1
 1
 0
 0
 0
 1
 0
 0
 1
 0
 1
 1
 1
 1
 1
 1
 0
 1
 0
 1
 1
 0
 1
 1
 1
 1
 0
 1
 1
 1
 0
 1
 1
 1
 1
 1
 0
 1
 1
 0
 0
 1
 1
 0
 1
 1
 0
 0
 1
 1
 1
 1
 1
 1
 1
 1
 1
 0
 0
 1
 1
 1
 1
 1
 1
 1
 1
 1
 1
 1
 0
 1
 0
 0
 1
 1
 1
 1
 1
 0
 1
 1
 1
 1
 0
 0
 1
 1
 1
 1
 1
 0
 0
 0
 1
 1
 1
 1
 0
 1
 0
 1
 1
 0
 1
 0
 0
 1
 0
 0
 0
 0
 1
 0
 0
 1
 1
 1
 0
 0
 1
 0
 1
 1
 0
 0
 1
 1
 0
 1
 0
 1
 1
 1
 1
 1
 1
 1
 1
 1
 0
 1
 1
 1
 0
 1
 0
 1
 1
 0
 1
 1
 1
 1
 1
 1
 1
 1
 1
 1
 0
 0
 1
 1
 0
 0
 1
 1
 1
 1
 1
 1
 1
 1
 1
 1
 1
 0
 1
 1
 1
 0
 1
 1
 1
 1
 0
 0
 0
 1
 1
 0
 0
 0
 1
 1
 1
 1
 0
 0
 0
 1
 0
 0
 1
 1
 0
 1
 1
 1
 1
 1
 1
 1
 1
 0
 1
 1
 1
 1
 0
 1
 1
 1
 1
 1
 0
 1
 1
 1
 1
 1
 1
 0
 0
 1
 0
 0
 0
 0
 1
 1
 0
 0
 1
 1
 1
 1
 1
 1
 1
 1
 1
 0
 1
 0
 0
 1
 1
 1
 1
 1
 1
 1
 1
 1
 0
 1
 1
 1
 1
 0
 1
 0
 0
 1
 1
 1
 1
 0
 1
 0
 0
 1
 1
 1
 1
 0
 1
 0
 1
 0
 1
 1
 1
 1
 1
 1
 1
 1
 1
 0
 1
 0
 0
 1
 1
 0
 1
 0
 1
 1
 0
 1
 1
 1
 1
 1
 0
 0
 1
 1
 1
 1
 1
 0
 1
 1
 1
 1
 1
 0
 0
 1
 1
 1
 1
 0
 1
 1
 1
 1
 1
 1
 1
 0
 1
 1
 1
 1
 1
 1
 0
 1
 1
 1
 1
 1
 0


