# Created by Octave 5.2.0, Sun Aug 22 00:33:51 2021 +0430 <amin@amin-N552VW>
# name: y_all
# type: matrix
# rows: 1916
# columns: 1
 1
 0
 0
 0
 0
 0
 0
 0
 1
 0
 0
 0
 1
 0
 0
 1
 1
 1
 0
 0
 1
 0
 0
 1
 0
 0
 0
 1
 0
 1
 0
 1
 1
 1
 0
 1
 0
 1
 1
 1
 0
 0
 1
 1
 0
 1
 1
 0
 1
 1
 1
 0
 1
 0
 0
 0
 0
 0
 0
 1
 1
 0
 0
 1
 1
 1
 1
 1
 0
 0
 1
 1
 1
 0
 0
 0
 0
 1
 1
 0
 1
 0
 1
 1
 0
 0
 1
 0
 1
 0
 1
 1
 1
 0
 1
 1
 0
 0
 0
 1
 1
 1
 1
 1
 1
 0
 0
 1
 0
 1
 0
 1
 0
 1
 1
 0
 1
 0
 1
 1
 0
 1
 0
 1
 0
 0
 1
 0
 0
 0
 1
 1
 0
 1
 1
 0
 0
 0
 0
 0
 1
 0
 0
 0
 1
 0
 1
 1
 1
 0
 0
 1
 0
 0
 1
 1
 1
 0
 0
 1
 0
 0
 0
 1
 1
 0
 0
 0
 1
 1
 0
 1
 1
 1
 1
 0
 1
 0
 1
 0
 0
 1
 0
 0
 0
 1
 0
 0
 0
 1
 1
 1
 1
 0
 0
 0
 1
 1
 0
 0
 1
 1
 0
 0
 1
 1
 0
 0
 0
 0
 1
 0
 0
 1
 0
 0
 1
 0
 0
 1
 0
 1
 0
 1
 0
 0
 1
 0
 0
 0
 1
 1
 1
 1
 0
 1
 1
 0
 0
 1
 1
 1
 1
 1
 1
 1
 1
 1
 1
 1
 0
 0
 0
 0
 1
 0
 0
 0
 1
 1
 0
 0
 0
 0
 1
 1
 0
 1
 0
 0
 1
 0
 0
 1
 0
 1
 0
 1
 1
 1
 1
 1
 0
 0
 1
 1
 0
 1
 1
 0
 1
 1
 1
 0
 0
 1
 1
 1
 0
 1
 1
 1
 0
 0
 1
 1
 1
 1
 1
 1
 1
 0
 1
 0
 1
 1
 0
 0
 0
 1
 1
 0
 0
 1
 1
 0
 0
 0
 0
 1
 0
 0
 1
 1
 0
 0
 1
 0
 0
 1
 0
 1
 0
 1
 1
 1
 1
 0
 0
 0
 1
 1
 0
 1
 0
 1
 1
 1
 0
 0
 1
 1
 0
 0
 0
 1
 0
 0
 0
 1
 1
 1
 0
 1
 0
 0
 1
 0
 0
 0
 0
 1
 0
 1
 1
 1
 1
 1
 0
 0
 1
 0
 1
 1
 1
 0
 0
 1
 0
 0
 1
 1
 0
 0
 0
 0
 0
 0
 1
 1
 1
 1
 1
 1
 1
 0
 0
 1
 1
 1
 1
 0
 0
 1
 0
 0
 1
 1
 1
 0
 0
 0
 0
 0
 0
 1
 0
 1
 1
 0
 0
 0
 0
 1
 1
 0
 1
 0
 0
 1
 0
 1
 0
 0
 0
 1
 1
 0
 0
 1
 1
 0
 1
 1
 0
 1
 0
 0
 1
 0
 0
 0
 1
 1
 1
 1
 1
 1
 1
 1
 0
 0
 0
 0
 1
 0
 0
 0
 0
 1
 1
 0
 0
 1
 0
 0
 0
 0
 1
 0
 0
 1
 0
 1
 0
 1
 0
 0
 1
 1
 1
 0
 0
 1
 0
 1
 1
 1
 1
 0
 0
 0
 1
 1
 0
 1
 1
 1
 0
 0
 0
 0
 0
 0
 1
 1
 1
 0
 0
 1
 0
 1
 0
 1
 0
 0
 0
 1
 0
 0
 1
 1
 0
 0
 1
 0
 0
 0
 0
 0
 1
 0
 0
 1
 1
 0
 1
 0
 0
 0
 0
 0
 1
 1
 0
 0
 0
 0
 0
 1
 1
 0
 0
 0
 0
 0
 1
 0
 0
 1
 1
 0
 0
 0
 1
 0
 0
 1
 0
 0
 1
 0
 1
 0
 1
 1
 1
 1
 0
 1
 1
 0
 0
 0
 0
 0
 1
 0
 0
 1
 0
 0
 0
 1
 1
 0
 0
 1
 0
 1
 1
 1
 1
 0
 0
 0
 0
 0
 1
 0
 0
 0
 1
 1
 1
 1
 0
 1
 1
 1
 0
 0
 0
 1
 1
 0
 1
 0
 0
 0
 1
 1
 0
 1
 1
 0
 1
 0
 0
 0
 0
 0
 0
 0
 1
 1
 1
 1
 1
 1
 1
 1
 1
 0
 1
 0
 0
 0
 1
 1
 1
 1
 0
 0
 1
 1
 1
 0
 0
 1
 1
 0
 1
 0
 0
 1
 0
 1
 1
 0
 1
 1
 1
 0
 0
 1
 0
 0
 1
 0
 1
 0
 0
 0
 1
 1
 0
 0
 0
 1
 0
 1
 0
 1
 0
 1
 0
 0
 1
 0
 1
 1
 0
 1
 0
 0
 1
 1
 1
 1
 0
 0
 0
 0
 1
 1
 1
 1
 1
 1
 0
 1
 0
 1
 1
 0
 0
 1
 0
 0
 0
 1
 1
 0
 0
 1
 1
 1
 0
 0
 0
 1
 1
 1
 0
 1
 1
 1
 1
 1
 1
 1
 0
 0
 0
 0
 0
 1
 1
 0
 1
 0
 1
 0
 0
 1
 1
 1
 0
 1
 0
 0
 1
 1
 1
 1
 1
 0
 0
 1
 0
 1
 0
 1
 0
 0
 1
 1
 1
 1
 0
 1
 0
 0
 1
 1
 0
 1
 1
 1
 0
 1
 1
 0
 1
 1
 1
 1
 0
 1
 1
 1
 0
 1
 0
 0
 1
 1
 0
 0
 0
 1
 0
 0
 1
 1
 1
 1
 0
 1
 1
 1
 1
 0
 0
 1
 1
 0
 0
 0
 0
 0
 0
 0
 1
 0
 0
 0
 0
 0
 0
 0
 1
 0
 0
 0
 0
 1
 1
 0
 0
 1
 0
 0
 1
 1
 1
 0
 1
 1
 1
 0
 0
 0
 0
 0
 0
 0
 0
 0
 1
 0
 1
 0
 1
 0
 0
 0
 1
 1
 1
 1
 0
 1
 1
 1
 0
 0
 1
 1
 0
 0
 1
 0
 0
 0
 0
 0
 1
 1
 1
 0
 0
 1
 0
 0
 1
 0
 1
 0
 0
 0
 1
 0
 1
 0
 1
 0
 1
 0
 0
 0
 0
 1
 0
 1
 1
 0
 0
 1
 1
 0
 1
 1
 0
 1
 1
 0
 1
 1
 1
 1
 1
 0
 0
 0
 0
 0
 0
 0
 0
 1
 1
 1
 0
 1
 1
 0
 1
 0
 0
 0
 1
 1
 1
 1
 1
 1
 0
 1
 0
 1
 0
 1
 1
 0
 1
 1
 1
 0
 0
 1
 1
 1
 1
 0
 1
 1
 0
 0
 0
 0
 1
 0
 1
 1
 0
 1
 1
 1
 0
 0
 1
 0
 1
 1
 0
 0
 1
 1
 1
 1
 1
 0
 0
 0
 0
 0
 1
 0
 0
 0
 1
 1
 1
 1
 0
 0
 1
 1
 1
 1
 0
 1
 0
 1
 1
 0
 1
 1
 0
 1
 1
 1
 1
 1
 1
 1
 0
 0
 1
 1
 1
 0
 1
 1
 1
 0
 1
 0
 0
 0
 0
 0
 1
 0
 1
 0
 1
 0
 0
 1
 1
 0
 1
 0
 0
 0
 0
 1
 1
 0
 0
 1
 0
 0
 0
 0
 0
 1
 1
 1
 1
 1
 1
 1
 0
 1
 0
 0
 0
 0
 0
 1
 0
 0
 1
 0
 0
 1
 0
 0
 0
 0
 1
 1
 1
 0
 0
 1
 0
 0
 1
 0
 1
 1
 0
 0
 1
 1
 1
 0
 0
 1
 1
 1
 1
 0
 0
 0
 0
 0
 1
 0
 1
 1
 0
 0
 0
 0
 0
 1
 0
 0
 0
 1
 1
 1
 0
 1
 1
 0
 1
 0
 0
 0
 1
 1
 0
 0
 0
 0
 1
 0
 0
 1
 1
 0
 1
 0
 1
 0
 0
 1
 1
 0
 1
 1
 0
 1
 1
 0
 1
 0
 0
 0
 1
 0
 1
 1
 1
 1
 0
 1
 0
 1
 1
 1
 1
 0
 1
 0
 0
 1
 0
 1
 0
 1
 0
 1
 1
 0
 0
 1
 0
 0
 1
 0
 0
 1
 1
 1
 1
 0
 1
 1
 1
 1
 1
 1
 0
 1
 0
 0
 0
 0
 0
 0
 1
 1
 0
 0
 1
 0
 0
 1
 1
 1
 1
 1
 1
 1
 1
 0
 0
 1
 0
 1
 0
 0
 0
 1
 1
 0
 0
 1
 0
 1
 0
 1
 1
 1
 0
 1
 1
 1
 0
 1
 0
 0
 1
 1
 0
 1
 1
 1
 1
 0
 1
 1
 1
 1
 1
 0
 1
 1
 0
 1
 0
 1
 0
 0
 0
 0
 1
 1
 1
 1
 1
 1
 1
 1
 0
 0
 0
 0
 1
 0
 1
 0
 1
 1
 0
 0
 1
 1
 0
 1
 1
 1
 0
 0
 1
 0
 0
 0
 1
 0
 1
 1
 1
 1
 1
 0
 1
 1
 0
 0
 0
 0
 1
 1
 1
 1
 1
 1
 1
 0
 1
 1
 1
 0
 1
 1
 0
 0
 0
 1
 1
 0
 0
 0
 0
 0
 1
 0
 1
 0
 1
 1
 1
 1
 1
 1
 1
 1
 0
 1
 0
 1
 1
 0
 1
 1
 1
 1
 0
 0
 0
 0
 1
 0
 0
 1
 1
 1
 0
 1
 1
 0
 1
 1
 1
 0
 1
 1
 0
 0
 1
 1
 1
 1
 1
 0
 1
 0
 0
 0
 1
 1
 0
 1
 1
 0
 0
 1
 1
 1
 1
 0
 0
 0
 1
 1
 1
 1
 0
 0
 0
 0
 0
 0
 0
 1
 0
 0
 0
 1
 1
 1
 1
 0
 0
 1
 0
 0
 1
 1
 0
 0
 1
 1
 1
 1
 1
 0
 0
 0
 0
 1
 1
 1
 0
 1
 0
 0
 1
 1
 1
 0
 1
 1
 0
 0
 0
 1
 1
 1
 1
 1
 1
 1
 0
 1
 0
 0
 0
 1
 1
 1
 1
 1
 0
 0
 0
 1
 1
 1
 1
 1
 1
 0
 0
 1
 1
 1
 0
 0
 1
 1
 0
 1
 1
 1
 1
 0
 0
 1
 0
 1
 1
 1
 0
 1
 0
 1
 0
 1
 0
 0
 0
 1
 1
 1
 0
 0
 1
 0
 1
 1
 1
 1
 1
 1
 1
 0
 1
 1
 1
 1
 1
 1
 0
 1
 1
 1
 1
 1
 0
 1
 0
 0
 1
 0
 1
 0
 0
 1
 0
 0
 0
 0
 0
 1
 1
 0
 0
 0
 0
 1
 1
 1
 0
 0
 1
 1
 0
 1
 0
 0
 1
 1
 0
 1
 0
 0
 0
 0
 1
 0
 1
 1
 0
 1
 1
 1
 1
 1
 1
 0
 1
 0
 0
 1
 0
 0
 0
 0
 1
 1
 0
 0
 0
 1
 1
 0
 1
 0
 1
 0
 1
 0
 1
 1
 0
 1
 1
 1
 1
 0
 1
 1
 0
 1
 1
 1
 1
 0
 0
 0
 0
 1
 1
 0
 0
 0
 1
 1
 0
 1
 1
 0
 1
 0
 0
 0
 0
 0
 0
 0
 0
 0
 1
 0
 0
 0
 1
 0
 0
 1
 1
 1
 0
 1
 0
 0
 0
 0
 1
 0
 1
 0
 0
 1
 1
 1
 0
 0
 0
 0
 0
 1
 0
 0
 0
 0
 0
 1
 1
 0
 0
 0
 0
 0
 1
 1
 1
 0
 1
 1
 1
 1
 1
 0
 1
 1
 0
 1
 1
 0
 1
 1
 1
 1
 1
 1
 1
 0
 1
 1
 1
 0
 0
 0
 1
 1
 1
 1
 1
 1
 0
 1
 0
 0
 0
 0
 1
 0
 0
 1
 1
 0
 1
 0
 1
 0
 0
 1
 0
 1
 0
 1
 1
 1
 1
 0
 1
 1
 0
 1
 0
 0
 1
 0
 1
 0
 0
 1
 0
 1
 0
 1
 0
 0
 0
 0
 1
 0
 0
 0
 0
 0
 1
 1
 0
 0
 0
 1
 0
 0
 1
 1
 1
 1
 0
 1
 0
 1
 1
 0
 0
 0
 0
 1
 1
 0
 0
 1
 1
 1
 1
 0
 0
 1
 0
 1


