# Created by Octave 5.2.0, Fri Aug 20 12:37:56 2021 +0430 <amin@amin-N552VW>
# name: y_cross
# type: matrix
# rows: 372
# columns: 1
 1
 0
 1
 0
 1
 1
 1
 1
 0
 0
 0
 0
 1
 1
 1
 1
 0
 0
 0
 0
 0
 0
 1
 1
 1
 0
 1
 1
 0
 1
 0
 1
 0
 1
 0
 0
 1
 1
 1
 1
 1
 0
 0
 0
 0
 0
 1
 1
 1
 0
 1
 0
 0
 0
 0
 0
 0
 0
 0
 0
 0
 1
 0
 1
 0
 1
 0
 1
 0
 1
 0
 0.5
 1
 1
 0
 1
 1
 0
 1
 1
 1
 1
 1
 1
 0
 1
 0
 1
 0
 1
 0
 1
 1
 0
 1
 1
 0
 1
 0
 1
 1
 1
 0
 1
 1
 1
 0
 1
 0
 0
 1
 1
 0
 0
 1
 0
 1
 1
 1
 1
 1
 0
 0
 0
 0
 1
 0
 1
 1
 1
 0
 0
 1
 0
 0
 1
 0
 0
 1
 1
 1
 1
 1
 0.5
 1
 0
 1
 0
 1
 1
 1
 0
 0
 0
 0
 0
 0
 1
 0
 1
 0
 1
 0
 0
 1
 1
 1
 0
 1
 0
 0
 0
 0
 1
 1
 1
 1
 1
 0
 1
 0
 1
 0
 0
 0
 1
 0
 1
 0
 0
 0
 0
 1
 0
 1
 0
 0
 1
 0
 1
 1
 0
 0
 0
 1
 1
 1
 1
 1
 1
 0
 0
 0
 1
 0
 1
 1
 1
 1
 0
 0
 0
 1
 0
 1
 1
 0
 0
 0
 1
 0
 0
 0
 0
 0
 1
 1
 1
 1
 1
 1
 1
 0
 1
 1
 0
 1
 0
 0
 0
 1
 0
 1
 0
 1
 1
 0
 1
 0
 0
 1
 1
 0
 0
 0
 1
 0
 0
 0
 1
 0
 0
 1
 1
 1
 1
 0
 0
 1
 1
 1
 1
 1
 0
 0
 1
 0
 1
 1
 0
 1
 0
 0
 0
 0
 1
 0
 0
 0
 0
 0
 1
 0
 1
 1
 0
 0
 0
 0
 1
 1
 0
 0
 1
 0
 1
 0
 0
 1
 0
 1
 1
 1
 0
 1
 0
 0
 0
 1
 1
 1
 1
 1
 1
 1
 0
 1
 1
 0
 1
 1
 1
 1
 0
 0
 0
 1
 1
 0
 1
 0
 1
 1
 1
 1
 1
 1
 1
 0
 0
 1
 0
 0
 0
 1
 1
 0
 1
 1
 1
 0
 1


