# Created by Octave 5.2.0, Sat Aug 21 18:28:35 2021 +0430 <amin@amin-N552VW>
# name: y_test
# type: matrix
# rows: 377
# columns: 1
 0
 0
 1
 1
 0
 0
 1
 1
 1
 1
 1
 0
 0
 0
 1
 1
 1
 0
 1
 0
 0
 1
 1
 1
 0
 1
 1
 0
 0
 0
 1
 1
 1
 1
 1
 1
 1
 0
 1
 0
 0
 0
 1
 1
 1
 1
 1
 0
 0
 0
 1
 1
 1
 1
 1
 1
 0
 0
 1
 1
 1
 0
 0
 1
 1
 0
 1
 1
 1
 1
 0
 0
 1
 0
 1
 1
 1
 0
 1
 0
 1
 0
 1
 0
 0
 0
 1
 1
 1
 0
 0
 1
 0
 1
 1
 1
 1
 1
 1
 1
 0
 1
 1
 1
 1
 1
 1
 0
 1
 1
 1
 1
 0
 1
 0
 0
 1
 0
 1
 0
 0
 1
 0
 0
 0
 0
 1
 1
 0
 0
 0
 0
 1
 1
 1
 0
 0
 1
 1
 0
 1
 0
 0
 1
 1
 0
 1
 0
 0
 0
 0
 1
 0
 1
 1
 0
 1
 1
 1
 1
 1
 0
 1
 0
 0
 1
 0
 0
 0
 0
 1
 1
 0
 0
 0
 1
 1
 0
 1
 0
 1
 0
 1
 0
 1
 1
 0
 1
 1
 1
 1
 0
 1
 1
 0
 1
 1
 1
 1
 0
 0
 0
 0
 1
 1
 0
 0
 0
 1
 1
 0
 1
 1
 0
 1
 0
 0
 0
 0
 0
 0
 0
 0
 0
 1
 0
 0
 0
 1
 0
 0
 1
 1
 1
 0
 1
 0
 0
 0
 0
 1
 0
 1
 0
 0
 1
 1
 1
 0
 0
 0
 0
 0
 1
 0
 0
 0
 0
 0
 1
 1
 0
 0
 0
 0
 0
 1
 1
 1
 0
 1
 1
 1
 1
 1
 0
 1
 1
 0
 1
 1
 0
 1
 1
 1
 1
 1
 1
 1
 0
 1
 1
 1
 0
 0
 0
 1
 1
 1
 1
 1
 1
 0
 1
 0
 0
 0
 0
 1
 0
 0
 1
 1
 0
 1
 0
 1
 0
 0
 1
 0
 1
 0
 1
 1
 1
 1
 0
 1
 1
 0
 1
 0
 0
 1
 0
 1
 0
 0
 1
 0
 1
 0
 1
 0
 0
 0
 0
 1
 0
 0
 0
 0
 0
 1
 1
 0
 0
 0
 1
 0
 0
 1
 1
 1
 1
 0
 1
 0
 1
 1
 0
 0
 0
 0
 1
 1


