# Created by Octave 5.2.0, Fri Aug 20 12:38:51 2021 +0430 <amin@amin-N552VW>
# name: y_test
# type: matrix
# rows: 371
# columns: 1
 1
 1
 0
 1
 0
 0
 0
 0
 0
 1
 0
 1
 0
 1
 1
 1
 1
 1
 0
 0
 0.5
 1
 0
 1
 1
 1
 1
 1
 1
 0
 1
 1
 1
 1
 0
 0
 0
 1
 1
 0
 0
 1
 0
 0
 0
 0
 0
 0
 1
 0
 0
 0
 1
 0
 0
 1
 0
 1
 1
 1
 0
 0
 1
 1
 1
 0
 0
 0
 1
 0
 0
 1
 1
 0.5
 0
 1
 0
 1
 1
 0
 0
 0
 1
 1
 0
 0
 0
 0
 0
 1
 0
 0
 0
 0
 1
 1
 1
 0
 0
 0
 0
 0
 0
 1
 0
 0
 1
 0
 0
 1
 1
 1
 0
 0
 1
 1
 0
 1
 0
 0
 0
 0
 0
 0
 0
 0
 1
 0
 0
 1
 0
 1
 1
 1
 0
 1
 0
 0
 1
 0
 1
 0
 1
 0
 1
 1
 1
 0
 1
 1
 0
 1
 0
 0
 1
 1
 0
 1
 0
 0
 0
 0
 1
 0
 1
 1
 1
 0
 0
 0
 1
 0.5
 0
 1
 1
 0
 0
 1
 0
 0
 1
 0
 1
 0
 0
 1
 1
 1
 0
 0
 1
 1
 1
 1
 0
 1
 0
 0
 1
 1
 1
 1
 0
 1
 0
 0
 1
 0
 0
 1
 1
 1
 1
 1
 1
 1
 1
 0
 1
 1
 1
 0
 0
 1
 0
 1
 1
 1
 0
 1
 1
 1
 0.5
 1
 0
 1
 1
 0
 0
 1
 1
 1
 0
 0
 1
 1
 1
 0
 1
 1
 0
 1
 0
 0
 0
 0
 1
 1
 1
 0
 1
 1
 0
 1
 1
 0
 1
 1
 0
 1
 0
 1
 0
 0
 0
 1
 1
 1
 1
 1
 0
 1
 1
 1
 1
 0
 0
 1
 1
 1
 0
 0
 1
 0
 0
 1
 1
 1
 0
 1
 1
 0
 1
 1
 1
 1
 0
 1
 0.5
 1
 0
 1
 0
 0
 1
 1
 0
 1
 1
 0
 0
 0
 1
 0
 1
 1
 1
 1
 0
 0
 0
 1
 1
 0
 1
 1
 1
 0
 1
 0
 0
 1
 0
 0
 0
 1
 1
 1
 1
 0
 0
 1
 0
 0.5
 1
 0
 1
 0
 1
 1
 1
 1
 0
 0
 0
 0
 1
 1
 0
 0
 1


