# Created by Octave 5.2.0, Fri Aug 20 12:36:54 2021 +0430 <amin@amin-N552VW>
# name: y_training
# type: matrix
# rows: 1117
# columns: 1
 0
 1
 0
 0
 1
 1
 1
 0
 1
 0
 0
 0
 0
 1
 0
 0
 0
 1
 0
 0
 0
 1
 1
 0
 0
 1
 1
 1
 0
 0
 1
 1
 0
 0
 0
 0
 0
 0
 1
 1
 0
 1
 0
 1
 1
 1
 1
 1
 0
 1
 0
 1
 1
 0
 0
 0
 1
 0
 1
 0
 1
 1
 0.5
 1
 0
 0
 1
 0
 1
 0
 1
 1
 0
 0
 1
 1
 1
 0
 0
 0
 1
 1
 1
 0
 0
 1
 1
 1
 1
 0
 1
 0
 0
 0
 1
 0
 0
 0
 1
 1
 1
 0
 0
 1
 0
 0
 0.5
 0
 0
 1
 1
 1
 0
 0
 1
 0
 0
 0
 1
 0
 0
 1
 1
 0
 1
 0
 0
 0
 0
 1
 0
 1
 0
 0
 0
 0
 1
 0
 1
 1
 0
 1
 0
 0.5
 1
 0
 1
 0
 1
 1
 0
 0
 0
 0
 0
 1
 0
 1
 1
 1
 0
 1
 1
 0
 0
 0
 0
 1
 1
 1
 0
 0
 1
 0
 1
 0
 1
 0
 0
 1
 1
 1
 1
 1
 0
 0
 1
 0
 1
 1
 1
 0
 1
 0
 0
 0
 1
 0
 1
 0
 1
 0
 1
 0
 1
 0
 1
 0
 1
 1
 0
 0
 0
 1
 0.5
 1
 0
 0
 1
 0
 1
 0
 1
 0
 0
 0
 1
 0
 0
 1
 0
 1
 1
 0
 1
 1
 1
 1
 0
 0
 1
 0
 1
 0
 0
 0
 0
 1
 1
 0
 1
 0
 1
 0
 0
 1
 1
 1
 0
 0
 1
 1
 0
 0
 0
 0
 0
 0
 0
 1
 0
 1
 0
 1
 1
 1
 0
 1
 1
 1
 1
 1
 0
 0
 0
 0
 1
 1
 1
 1
 1
 1
 0
 1
 0
 0
 1
 0
 0
 0
 1
 1
 1
 0
 0
 0
 1
 0
 0
 0
 1
 1
 1
 0
 1
 0
 1
 1
 1
 0
 1
 1
 1
 1
 0
 1
 1
 1
 0
 0
 1
 0
 0
 0
 1
 1
 1
 0
 0
 0
 0
 0
 1
 1
 0
 1
 0
 1
 1
 0.5
 1
 0
 0
 0
 1
 1
 1
 0
 1
 1
 0
 0
 1
 1
 1
 0
 0
 1
 1
 0
 0
 0
 1
 0
 0
 0
 0
 0
 0
 0
 0
 0
 1
 0
 1
 0
 0
 1
 0
 0
 1
 0
 0
 0
 1
 1
 1
 1
 0
 0
 0
 1
 1
 0
 0
 0
 1
 1
 0
 0
 0
 1
 0
 1
 1
 0
 1
 1
 0.5
 0
 0
 0
 1
 0
 0
 0
 0
 0
 1
 1
 0
 1
 0
 0
 0
 1
 0
 0
 0
 0
 1
 0
 0
 1
 1
 0
 1
 0
 1
 0
 0.5
 0
 1
 0
 0
 1
 0
 1
 1
 1
 1
 1
 1
 1
 0
 0
 1
 1
 1
 0
 0
 1
 0
 0
 1
 1
 0
 1
 1
 1
 0
 1
 0
 0
 0
 1
 0
 0
 1
 0
 0
 1
 1
 0
 0
 1
 1
 0
 1
 1
 1
 0
 0
 0
 1
 1
 1
 1
 1
 1
 1
 0
 1
 0
 1
 0
 1
 1
 1
 1
 0
 0
 0
 1
 0
 1
 1
 1
 1
 1
 1
 0
 0
 0
 0
 1
 0
 0
 0
 1
 0
 1
 0
 0
 1
 0
 0
 0
 0
 1
 0
 1
 1
 1
 0
 1
 1
 0
 0
 0
 0
 0
 0
 0
 1
 0
 0
 0
 1
 1
 1
 0
 0
 0
 1
 0
 0
 1
 1
 1
 1
 0
 0
 1
 1
 1
 1
 1
 0
 1
 0
 0
 1
 1
 0
 0
 0.5
 1
 0
 0
 0
 1
 1
 1
 0
 0
 1
 1
 1
 1
 1
 0
 1
 0
 1
 0
 0
 1
 0
 0
 1
 1
 1
 0
 0
 1
 1
 0
 0
 0
 1
 0
 1
 1
 1
 0
 1
 1
 1
 1
 1
 0
 0
 1
 0
 0
 0
 0
 1
 0
 1
 0
 1
 0
 0
 1
 0.5
 0
 0
 1
 0
 1
 1
 0
 1
 1
 0
 1
 1
 1
 1
 1
 1
 0
 1
 0
 1
 0
 1
 0.5
 0
 0
 0
 0
 1
 1
 1
 0
 0
 0
 0
 0
 1
 0
 1
 1
 0
 1
 1
 1
 1
 1
 1
 0
 0
 1
 1
 1
 1
 1
 0
 1
 1
 0
 0
 0
 0
 1
 1
 0
 0
 1
 1
 1
 0
 0
 1
 1
 0
 0
 1
 0
 0
 0
 1
 1
 1
 1
 1
 0
 0
 1
 0
 0
 0
 0
 0
 1
 0
 0
 1
 1
 0
 0
 0
 0
 0
 0
 1
 1
 1
 0
 1
 1
 0.5
 1
 0
 1
 0
 1
 0
 1
 0
 1
 0
 1
 0
 1
 1
 1
 0
 0
 1
 0
 0
 0
 0
 1
 1
 0
 0
 0.5
 0
 0
 1
 0.5
 0
 1
 1
 1
 0
 0
 1
 0
 0
 1
 0
 1
 0
 1
 1
 1
 0
 1
 1
 1
 1
 0
 0
 0
 0
 1
 0
 0
 1
 1
 1
 0
 0
 1
 0
 0
 1
 1
 1
 1
 0
 0
 1
 1
 1
 0
 0
 0
 1
 0
 1
 0
 1
 1
 0.5
 0
 1
 1
 0
 1
 1
 0
 1
 1
 1
 1
 1
 1
 0
 0
 0
 0
 1
 0
 0
 0
 1
 1
 0
 0
 0
 0
 1
 1
 0
 1
 1
 1
 1
 1
 1
 1
 0.5
 0
 0
 1
 0
 0.5
 0
 0
 0
 1
 0
 0
 1
 1
 1
 0
 1
 1
 0
 1
 1
 1
 1
 0
 0
 0
 0
 0
 1
 1
 1
 0
 1
 0.5
 0
 0.5
 0
 1
 0
 0
 1
 1
 0
 0
 1
 0
 1
 0
 1
 0
 0
 1
 1
 0
 1
 1
 0
 0
 1
 0
 1
 0
 0
 0.5
 1
 1
 0
 1
 0
 1
 1
 1
 0
 0
 0
 0
 1
 0
 0.5
 1
 1
 0.5
 0
 1
 0
 0
 0
 1
 1
 0
 1
 0
 0
 0
 1
 1
 0
 0
 0
 1
 0
 0
 1
 1
 0
 0
 0
 1
 0
 0
 1
 1
 0
 0
 1
 0
 1
 0
 1
 0
 1
 1
 1
 0
 0
 1
 0
 1
 0.5
 1
 0
 0
 1
 0
 1
 1
 0
 0
 1
 1
 0.5
 1
 0
 0
 1
 1
 1
 1
 0
 0
 0
 0
 0
 1
 0
 1
 1
 0
 1
 0
 0
 1
 1
 1
 1
 1
 1
 0
 0
 0
 0.5
 0
 0
 1
 0
 1
 1
 1
 0
 1
 0
 0
 1
 0
 1
 0
 0
 1
 1
 1
 0
 0
 0
 1
 1
 1
 1
 0
 1
 1
 1
 1
 0
 0
 1
 1
 0
 0
 1
 1
 1
 0
 1
 0
 1
 0
 1
 0
 0
 1
 1
 0
 0
 0
 1
 1
 1
 0
 1


