# Created by Octave 5.2.0, Sat Aug 21 15:06:45 2021 +0430 <amin@amin-N552VW>
# name: y_training
# type: matrix
# rows: 1117
# columns: 1
 1
 0
 1
 1
 1
 0
 1
 0
 1
 1
 1
 0
 0
 0
 1
 1
 1
 0
 0
 0
 1
 1
 1
 1
 0
 0
 0
 0
 0
 1
 0
 1
 1
 1
 0
 1
 0
 1
 1
 0
 1
 0
 1
 0
 0
 1
 1
 0
 1
 0
 1
 1
 0
 1
 1
 1
 0
 0
 1
 1
 1
 0
 1
 1
 1
 1
 1
 0
 1
 1
 1
 0
 0
 1
 0
 1
 1
 1
 0
 1
 0
 1
 1
 0
 1
 0
 0
 0
 0
 0
 0
 0
 1
 1
 1
 0
 0
 1
 1
 1
 0
 1
 0
 0
 0
 1
 0
 0
 0
 0
 0
 1
 0
 1
 0
 0
 0
 0
 0
 1
 1
 1
 0
 0
 0
 1
 0
 1
 0
 1
 1
 0
 0
 0
 0
 1
 0
 1
 0
 0
 0
 1
 1
 1
 1
 0
 0
 1
 1
 0
 1
 0
 1
 0
 1
 0
 0
 1
 1
 0
 0
 0
 1
 1
 0
 0
 1
 0
 1
 0
 1
 0
 0
 1
 1
 1
 1
 1
 1
 0
 1
 1
 0
 0
 1
 0
 0
 0
 1
 1
 1
 0
 0
 0
 1
 0
 1
 1
 1
 1
 0
 1
 1
 1
 0
 1
 0
 0
 1
 0
 1
 0
 1
 1
 1
 1
 0
 0
 0
 1
 0
 0
 0
 0
 1
 1
 0
 0
 0
 0
 1
 1
 1
 0
 0
 1
 1
 0
 0
 1
 0
 0
 1
 0
 0
 0
 1
 0
 0
 0
 0
 1
 1
 0
 1
 0
 1
 0
 1
 1
 0
 0
 0
 0
 1
 1
 0
 0
 0
 0
 0
 0
 1
 0
 0
 1
 0
 0
 0
 1
 0
 0
 0
 1
 0
 0
 1
 0
 0
 1
 0
 1
 1
 0
 0
 1
 1
 1
 1
 1
 0
 1
 1
 1
 0
 1
 1
 0
 1
 0
 0
 1
 0
 0
 1
 0
 1
 0
 1
 0
 1
 0
 0
 1
 1
 1
 1
 0
 1
 1
 1
 0
 1
 0
 1
 1
 1
 1
 1
 0
 0
 0
 0
 1
 1
 0
 1
 0
 1
 1
 1
 0
 0
 1
 1
 0
 0
 1
 1
 1
 0
 0
 1
 1
 0
 1
 0
 1
 1
 1
 1
 0
 1
 0
 1
 0
 0
 1
 0
 0
 0
 0
 1
 1
 0
 1
 0
 0
 1
 0
 0
 1
 0
 1
 0
 1
 0
 0
 1
 1
 1
 1
 0
 0
 1
 0
 1
 1
 0
 1
 1
 1
 1
 0
 1
 1
 1
 0
 0
 1
 0
 1
 1
 1
 0
 1
 1
 1
 0
 0
 0
 0
 1
 1
 0
 0
 0
 1
 1
 0
 0
 0
 0
 0
 1
 1
 0
 1
 0
 0
 1
 1
 1
 1
 0
 1
 1
 1
 1
 1
 0
 1
 0
 1
 1
 0
 1
 1
 0
 1
 1
 1
 1
 1
 0
 1
 1
 0
 1
 1
 1
 1
 0
 0
 0
 1
 0
 0
 0
 0
 1
 1
 0
 0
 1
 1
 1
 1
 1
 1
 1
 0
 1
 0
 1
 1
 1
 1
 0
 0
 0
 1
 0
 1
 0
 1
 1
 0
 0
 1
 1
 0
 0
 0
 0
 0
 1
 1
 0
 0
 0
 0
 1
 1
 0
 1
 0
 0
 0
 0
 0
 0
 0
 1
 1
 0
 1
 1
 0
 0
 1
 0
 0
 0
 0
 0
 1
 0
 1
 0
 0
 1
 0
 0
 0
 0
 0
 0
 0
 0
 0
 1
 0
 0
 0
 1
 0
 1
 0
 1
 1
 1
 0
 1
 1
 0
 1
 0
 0
 1
 1
 0
 0
 0
 1
 1
 1
 0
 0
 0
 0
 0
 0
 0
 0
 1
 1
 1
 1
 1
 1
 0
 1
 1
 1
 0
 1
 1
 1
 0
 0
 1
 1
 0
 1
 1
 1
 1
 0
 1
 1
 1
 0
 0
 1
 1
 1
 0
 1
 1
 0
 1
 1
 1
 0
 0
 0
 0
 0
 1
 1
 1
 0
 0
 0
 1
 1
 1
 1
 1
 0
 1
 0
 1
 0
 0
 0
 0
 1
 1
 0
 0
 1
 1
 1
 1
 1
 0
 1
 1
 1
 0
 1
 0
 0
 1
 1
 1
 1
 1
 1
 1
 0
 0
 1
 0
 0
 1
 0
 0
 0
 0
 1
 1
 0
 0
 1
 1
 0
 1
 1
 1
 0
 0
 1
 0
 0
 0
 1
 0
 1
 1
 1
 1
 1
 1
 1
 1
 0
 0
 0
 1
 0
 1
 0
 1
 0
 1
 1
 1
 0
 0
 0
 0
 1
 1
 1
 0
 0
 0
 1
 0
 0
 1
 1
 1
 0
 0
 0
 0
 1
 0
 1
 1
 0
 0
 0
 0
 1
 1
 1
 1
 1
 0
 1
 1
 1
 1
 1
 1
 0
 1
 1
 1
 0
 0
 1
 0
 0
 1
 1
 0
 0
 0
 1
 1
 0
 1
 0
 1
 0
 0
 1
 0
 1
 1
 1
 1
 0
 1
 1
 0
 0
 1
 0
 1
 0
 0
 0
 1
 0
 0
 1
 1
 0
 1
 0
 1
 0
 1
 1
 1
 1
 0
 0
 1
 1
 1
 0
 0
 1
 0
 0
 0
 0
 1
 0
 1
 1
 0
 0
 0
 0
 1
 1
 1
 1
 1
 0
 1
 1
 1
 0
 0
 1
 0
 0
 1
 1
 1
 0
 1
 1
 0
 1
 1
 0
 0
 0
 0
 0
 0
 1
 0
 1
 1
 1
 1
 1
 1
 0
 0
 1
 1
 1
 1
 0
 1
 0
 1
 1
 0
 1
 1
 1
 0
 1
 1
 0
 0
 1
 0
 1
 1
 1
 0
 0
 1
 0
 1
 1
 1
 1
 0
 0
 1
 0
 0
 0
 1
 0
 1
 1
 1
 0
 1
 1
 1
 0
 1
 1
 1
 0
 1
 0
 1
 1
 1
 0
 0
 0
 0
 1
 1
 0
 0
 1
 0
 1
 0
 0
 1
 1
 0
 1
 0
 0
 0
 0
 0
 0
 1
 0
 1
 1
 1
 1
 1
 1
 0
 1
 1
 1
 1
 0
 1
 0
 0
 0
 1
 1
 0
 0
 1
 0
 1
 0
 1
 0
 1
 0
 0
 0
 1
 0
 1
 0
 1
 1
 0
 0
 1
 0
 1
 0
 1
 1
 1
 0
 1
 1
 0
 0
 0
 1
 0
 0
 1
 0
 1
 0
 1
 0
 1
 1
 0
 1
 0
 1
 1
 0
 0
 1
 0
 1
 0
 1
 1
 1
 1
 0
 0
 1
 0
 0
 0
 1
 0
 1
 1
 1
 1
 1
 1
 0
 1
 1
 1
 1
 0
 0
 1
 1
 0
 0
 0
 1
 1
 1
 0
 0
 1
 0
 1
 1
 1
 1
 0
 1
 1
 0
 1
 0
 0
 1
 1
 0
 1
 0
 1
 0
 1
 0
 1
 0
 1
 1
 0
 0
 0
 0
 1
 1
 0
 0
 1
 0


